757736
382231
94935
582887
661758
763955
541180
974009
857302
582951
486042
849576
94052
573696
628663
969296
393777
703466
29363
108872
439681
360045
391426
319586
768063
759535
109707
856838
81189
126355
628484
940638
422110
82981
717154
684164
498892
368970
174380
283732
248621
566178
706966
128450
611862
615364
897063
910428
443091
302666
858242
797903
493670
901126
118086
994980
876180
633838
234587
958388
440337
930239
674482
797865
426100
702369
368545
109464
917093
251509
125092
889355
547285
452491
869076
43360
954465
309678
735220
166826
451907
977623
743457
503356
204262
153665
482621
60245
600322
994755
536948
484802
518837
465222
152229
243239
816519
435738
877143
494428
777745
336181
503905
145757
521547
195458
631875
682488
315204
857017
613562
667986
784601
27791
103193
786593
496874
642976
487530
448963
354906
41405
753648
545838
876933
54832
987461
743396
413279
356465
214476
311276
636681
318716
429220
366996
180451
287239
480960
921496
877215
541
804796
360331
865787
749127
54875
570948
150266
937185
762284
807258
19664
319424
894977
350329
661338
722419
625199
282158
839902
167799
223291
845368
833014
724433
667100
337389
255193
922394
545462
190646
291202
365029
935692
590020
26134
863916
817366
971471
691372
429993
119258
178378
980169
326643
333435
188499
666320
238120
57790
937921
627614
219837
439397
165843
172746
745606
688343
870988
186734
321197
423303
529629
216916
642836
337344
854772
94655
989670
432088
362036
727534
585114
271735
48818
49054
436250
985325
615733
784933
657232
82480
37000
534777
457822
539256
692854
714336
85560
856542
462481
247356
465012
198497
322642
209938
966746
810160
776621
230411
789313
314820
594962
423194
483734
502310
287951
484476
942168
782727
939455
139837
722279
776841
909870
222527
222270
68056
10446
680117
305764
870638
65182
806516
776334
903804
573270
870420
297673
799876
913635
366363
475146
95426
850457
305306
711338
465568
743058
307397
481831
620101
357952
350
3318
362844
475846
138254
611729
503414
116789
148231
627162
535000
287267
877869
385145
303139
611925
680471
608088
86
773352
284133
367345
312291
424447
796163
183339
588877
719093
904188
373361
830508
142326
987554
781850
236648
72071
38194
338209
287797
182423
155786
38770
397211
827633
353064
192136
539267
711869
845960
139422
434908
666455
104402
223194
919350
618861
789111
289055
627904
535086
51901
739083
519954
676789
380635
985415
930118
959797
581470
777017
430108
943838
768433
147682
995385
287295
836130
222351
495220
163253
834272
77199
790891
923215
710364
749847
265587
51376
505802
451004
799278
888843
549629
922963
961041
637159
701683
897297
275918
404764
365670
849994
320371
267081
849692
354059
575841
538393
508322
27913
876489
393425
406838
746184
456678
422397
294097
109274
930929
901616
153470
41018
607804
973140
30374
449200
929236
238929
451589
153222
393607
843975
610718
401365
46074
598652
448737
662001
107310
425749
406268
59947
444555
871182
656352
335571
274858
567245
268038
687676
879346
396368
100051
416793
809359
833222
761843
539904
485526
526115
762845
861240
661139
258140
516703
228711
829906
354205
846397
34972
967335
38906
448556
770463
90246
55363
237976
866170
100436
801039
14585
292860
483523
511973
598029
327197
9744
680163
924339
969911
377436
667130
728679
296589
323635
624609
982623
654899
450058
126373
329925
626457
319887
454973
126374
452886
72264
171773
51064
307340
195086
416780
31140
540188
166269
622271
123527
870824
31418
862813
433969
580960
577621
614719
526986
198001
665014
683398
538728
172851
215956
915244
369770
64894
998660
768191
476108
102093
772849
842027
177736
100878
864679
849543
696716
531472
75872
865141
295415
208905
74522
686579
411224
890320
116115
757587
73662
723472
331537
398485
319434
356308
935012
483740
728834
128191
885051
37506
621623
663619
507171
53876
37261
247579
11033
262402
245047
954335
46979
920783
172876
780664
344673
783088
176932
326495
888750
207099
186646
915421
217980
820369
349947
656166
19437
441956
338517
691817
34967
878658
765554
567726
501880
380350
341577
153350
292592
709032
84995
806001
190398
482478
913620
618203
762842
473860
986069
53490
650864
809012
295401
665013
339146
3896
188586
918969
202362
434797
776208
536112
468334
671939
296089
823495
656346
483115
610165
52081
337603
193899
445542
746186
341564
88906
270534
849225
725211
640040
812432
479509
549872
400837
16307
591178
161965
59280
169436
230604
799604
761344
57695
579858
36602
664573
416221
340965
271253
6875
115624
374026
967483
636961
611052
687958
110603
451291
180721
970516
213854
303860
248280
140067
150595
931130
639235
553689
166326
368139
255156
616249
895993
140516
131661
400245
945253
600709
487926
343814
165534
555798
554205
798558
52199
761101
420132
128478
428931
394105
568131
245489
271233
877724
97805
148993
893489
997881
664900
295692
315854
157259
366077
382526
588381
782236
387784
213792
204512
183464
902560
483043
529261
452777
772788
126341
356878
64176
320365
151583
756290
477777
780532
644303
351001
892416
577140
517790
694718
102739
710354
203014
348586
619995
598009
284225
848385
348254
576306
303100
355367
146273
248525
158394
482972
814115
338003
477281
338106
387296
596958
973484
158632
429826
323450
564154
654737
123044
932884
318852
230055
192851
256745
96732
421459
808683
139196
849511
685790
95665
352517
758658
208031
595711
767986
664942
553154
282359
678179
330011
776797
476562
56575
119625
588667
245136
33786
778227
484278
891540
893441
191822
246266
820331
968734
811923
637574
72485
985331
862232
739271
817437
620643
492016
833080
270719
48394
508638
699284
442962
668050
101599
207242
16880
373242
705293
8715
663865
587981
210142
653327
138179
630163
926538
509384
67749
839059
4640
841722
907161
919828
256440
752200
88492
913198
263054
475550
141106
419611
557191
947328
966240
515825
863190
348340
596769
186185
516615
915827
700114
447608
789180
635345
257483
320727
154410
17545
197928
537314
633593
218831
168448
326978
699207
852137
740612
961174
269781
11319
691118
147306
891779
994192
373187
897523
150465
296934
675335
443954
281563
524023
602601
643257
354330
943077
417901
758013
88911
96169
693868
761276
43749
122015
469778
149183
949906
859963
650280
227454
452050
367315
556540
304051
689399
436591
97346
914355
306860
967683
698157
639240
814047
112103
267425
151078
445848
398215
439536
88392
127021
579149
340460
195218
879995
631733
822615
36690
876622
963998
927653
18207
259135
528057
250563
818365
91357
857994
720765
165858
991252
876906
99669
667273
791873
301060
774702
352523
332509
798792
314106
294653
534596
419180
496963
234762
753956
898540
657255
795716
145420
505796
522113
379744
609162
221131
169751
158631
912592
676119
309800
837262
756962
914990
327309
366407
978623
376705
367504
277188
140502
510480
598570
322197
748727
291895
964564
873067
482080
234625
299921
332272
911496
446179
281241
267840
333242
353000
470081
382542
990188
814510
721886
796445
431907
792301
46471
617234
619768
121133
660660
808172
88501
531297
579561
602757
441649
726141
759339
357589
33751
537309
535672
31627
35092
115676
862784
670855
536871
355671
62144
996683
570564
779579
689688
415301
769623
746796
243936
522431
766351
160380
338878
450873
187008
151031
205863
612563
723246
508308
94890
508110
298467
865582
308564
979932
110101
327143
680475
251554
912073
840366
262079
578284
163264
129321
740318
904602
437613
437214
576497
905116
548566
222307
119319
889015
688372
632801
307102
324220
566376
10082
582574
556161
280401
915553
339864
550420
513309
745658
959828
433804
584536
781235
140392
161960
411592
669438
563110
896098
134339
342240
941351
476617
838998
899730
931995
682182
724777
451956
576450
185856
384133
919710
801652
626994
565267
311411
469279
379085
208798
410869
596713
925938
798305
534685
271844
897915
924969
506503
381616
590020
505232
906322
28315
786003
231793
961251
548140
456121
457565
294221
398030
409477
467659
349313
591869
170375
317400
733753
588746
859561
566921
422478
758693
556050
765846
781570
739124
855895
449638
415707
327422
697927
838480
742971
282389
159343
324944
200710
235857
766096
295609
253637
479835
95875
616644
323574
393163
772692
819339
139395
687681
633458
626459
120718
711549
870830
756391
459978
386694
316030
315337
274937
325079
212972
322791
475309
76140
455773
410984
549316
618944
863683
425485
222978
189057
269342
580104
260998
569013
398509
992517
627820
158783
634919
964983
889676
112659
383799
433748
355995
236450
908970
963332
172932
145618
594803
956339
276350
174652
943039
703924
949291
523658
547552
844767
490834
11581
916605
390254
80228
178392
3336
924447
118778
148720
383914
687586
659977
743562
188678
305170
52642
949149
623282
277571
21550
879836
918293
507212
935119
78525
143447
934355
894075
521285
454211
483501
211534
364655
969783
346950
753370
512633
280273
32078
28173
162431
440609
290736
29876
834446
782543
624645
531985
135834
398536
44820
400240
333373
619567
232485
677197
740889
968235
54180
355472
431910
336206
996997
537474
627112
350071
38637
63616
285584
191419
829209
344394
939211
797079
450475
200866
222303
250513
601823
608715
670023
240034
899713
56829
272435
542556
988968
417071
6802
299943
743653
494846
212177
653132
573872
463314
283395
148762
907396
357138
411720
60460
30561
930692
701354
131493
712135
165323
801585
531591
543095
844377
55020
491933
723470
530029
650473
258127
744573
238816
692736
419091
841451
345251
131803
932319
7787
979843
454412
101257
682964
362282
56783
20038
204203
426948
427807
857307
365835
648173
322975
563425
809562
944932
155291
424920
199178
858353
39349
762286
962359
157711
532313
843611
156511
564229
109489
742856
668192
154398
890995
293354
602145
200140
990432
190952
582372
574271
66848
917327
877877
221291
192989
989235
220077
667127
225131
822513
88146
555975
931977
840850
420567
284799
914046
500827
499490
250853
734376
786544
930284
866874
398900
732310
119065
767141
960706
462189
996757
941588
359041
414292
74309
551155
411703
832825
818125
924105
387918
706156
194871
609048
65761
61242
172011
984656
954354
54793
751555
331085
646550
749475
332345
507833
97679
939990
841839
119125
186791
800098
600914
576020
132421
318368
44826
544957
454725
991652
380632
313934
972551
668410
46642
602704
606214
460517
779962
420030
569158
680800
34008
132065
270726
532221
112654
581794
468977
782469
71886
571288
653462
436666
962474
416337
732066
73847
492883
729623
209343
953819
537858
166679
848383
909729
130845
803972
45974
410312
632328
505619
646485
191454
889786
774999
552638
94187
432265
715815
707259
530875
452646
51793
391887
74379
666313
909287
893630
761941
170887
608224
155961
427980
438066
495022
619995
764371
84460
501290
633423
771340
374380
94431
964201
687571
616755
636636
699491
625325
816389
81448
910896
433095
706252
682391
197260
580453
716088
480960
9569
751970
346440
657557
125365
811961
646343
999941
266845
454783
726732
218320
998691
815929
775437
226570
684359
967413
99165
228158
421091
307493
274697
707271
720651
308891
734398
104033
95275
979929
190681
762332
497826
130728
597150
347532
856847
202733
220585
139963
760955
138938
371166
206110
698772
663079
434139
120812
954448
7502
786238
848497
383561
118322
879678
898503
831832
963766
574948
65123
44438
782221
848237
796468
857024
153402
816835
596221
347176
292675
870106
412924
343981
32458
536320
762250
58050
787516
798551
455452
875599
76907
159281
60588
351237
946441
946188
282964
631712
533071
795448
602588
185394
958559
856658
68014
404887
532142
374171
835026
175063
11706
750513
104009
177501
618693
613066
284768
530796
390913
530286
802116
806006
821629
661786
510262
110020
545886
466219
4324
902207
707467
720531
402847
794182
874016
626920
549960
568511
622812
346491
586600
774782
562564
377968
780405
137817
395500
222332
185401
257850
657829
182056
530295
504270
16093
180817
915128
223360
835671
350143
480577
888025
94087
711208
1876
772380
990480
14645
484546
346122
519066
517766
477187
390623
317996
185448
730171
41493
927318
548675
831001
129867
419761
429763
597103
664881
463577
105976
164130
543845
455893
766584
168949
997972
331604
756390
734892
849034
187452
562698
584107
41740
299168
632903
996569
105476
34540
441368
603959
855617
311226
615813
87419
682312
340038
492242
170768
39666
923296
406973
459596
596047
391145
489218
225090
527022
731260
981656
344446
407941
294496
208686
295702
929608
155714
674442
523199
492932
441100
657340
143951
941318
706160
388551
929739
226337
909613
225431
534690
654459
978543
313498
104092
715568
821003
40446
89216
926295
136987
975252
770002
372208
926940
452135
882536
68605
575749
942278
439341
987850
269234
919672
385485
575353
496266
452685
428037
518499
669912
258289
602773
10588
989599
839199
865760
921270
982193
322859
310361
938367
185815
830065
178494
572263
769125
142410
598441
4242
275917
113547
101333
892428
312311
581963
14121
244672
268075
586516
860496
435013
809183
451698
496073
37483
2903
405843
607524
187320
246857
284631
514732
959652
217872
688052
355219
786236
771632
79137
830370
640141
987913
647307
301100
790614
81339
563350
316608
83849
162721
324153
924100
36239
851751
863209
600752
577752
405883
860414
894902
71723
758330
711615
495175
151286
664453
616831
526368
151836
59779
343998
854412
339197
26061
825413
746015
357395
26181
150077
139425
679556
421162
151392
75715
599563
762485
602284
827950
885124
690303
397513
294549
36408
966721
665519
722771
318941
68833
815550
129373
421679
678174
616526
782691
808359
439346
598876
422565
999257
820821
2047
986938
57418
845583
266178
842851
351848
781565
445029
745932
966432
365453
810403
610712
277300
530256
303048
535292
433513
542223
699561
870090
828028
431247
339592
517992
133430
978051
541633
856848
346846
459693
9823
493280
347166
351569
235228
62722
214804
196916
826086
607340
80446
926196
655413
662523
984917
993154
228849
399189
771675
200576
610098
708739
708187
802897
445285
202071
187296
769802
420861
482740
624701
971303
269782
508171
976097
476539
729722
314455
884939
108676
352498
305930
562243
337191
420121
975391
738873
861554
910349
793035
587050
693649
726003
832622
421637
240371
615667
15285
315890
950719
325809
483706
599562
324164
312718
299031
84976
11942
706774
588540
301179
614692
99938
242245
320868
225617
650331
518887
825797
478955
356856
752776
491219
496932
947028
321161
367341
176611
606397
793474
603610
559893
976707
124976
676024
236608
959696
864935
201152
722135
519070
421880
128174
940840
616131
868569
194589
527966
249918
230338
230585
293664
508686
880765
536368
629818
746435
965602
187909
489989
922586
781150
106070
287436
511263
542125
253291
402965
342008
589770
110879
500576
156698
373697
433962
612039
534867
838858
36039
310010
870230
370363
296788
792109
17949
74405
520614
344293
963099
494056
237152
735402
196835
468144
286183
356129
83854
244455
950202
654317
91022
690290
514534
894191
266656
170982
437942
470662
102087
160442
886304
935010
462888
485596
252996
422531
201979
33971
552957
270907
584302
869996
814394
195089
660304
198501
227256
15986
942103
493474
562402
782810
953695
685719
840266
598336
332899
892775
291798
427230
228713
915962
480624
4806
977564
470044
316893
629246
563536
549364
514607
992672
772158
962370
605860
133346
243783
113397
1120
600899
499114
436813
627330
417607
155692
892418
618197
787005
603323
621740
418584
776000
872770
771077
376507
190070
811810
114575
729774
699984
316587
327115
242169
120971
40832
911106
413298
808693
672497
144656
83014
905607
671873
109892
899982
744221
411502
19041
906247
218346
1043
43488
400823
830526
898426
718981
491388
769197
455743
735270
374031
597537
653419
982056
486366
482505
779586
476290
8544
246867
442417
679239
610820
397979
437776
75243
812046
258027
472802
444759
239155
623092
458309
990962
896545
865465
487625
396973
915140
440200
968334
617415
872072
87414
123374
689878
3851
944606
486177
762804
710459
123420
926318
692928
860914
448931
654645
493099
760204
918867
136349
875070
978068
320659
157191
156280
336963
688783
373669
137711
877677
537141
614686
618262
871570
210705
558958
953391
386536
519062
564582
445023
61909
456644
814974
214988
310556
941322
495460
223404
82819
938137
546045
78824
737712
683869
195301
393715
582373
76672
652249
402244
671646
206453
833092
643677
724612
842362
179224
21891
641512
344400
414975
168284
993945
808057
251659
905396
379531
378045
208116
298893
453144
134237
889304
559304
75760
669021
737233
618753
718396
470885
720348
177991
534891
738104
205562
21346
369901
978492
286961
846046
991182
403553
678952
767413
602379
917599
83380
136829
523040
260037
606841
143716
625318
402054
584970
125937
74990
947205
534602
116412
809921
285969
468741
632928
25719
368109
748375
267283
780764
650451
500866
849440
531996
838095
823167
910367
516575
317141
77611
797629
423663
197784
253072
480112
740953
408614
439475
601971
723030
409359
865174
587951
296149
59202
787467
54514
522472
843538
728877
827169
599491
275400
922007
95219
886314
548494
701808
609895
622146
997358
184057
77224
204800
713985
422781
115610
138551
944916
480698
378671
342645
599281
698807
874455
19756
435140
997831
444163
528206
605901
820809
51997
988271
113822
963754
463138
799319
619057
40355
360503
524432
590084
339707
673119
301924
375456
284240
100667
846070
382642
479139
325963
385220
544906
315538
211655
346891
724825
235916
950812
691385
31619
599578
522730
14059
106675
898784
532323
233149
850754
703520
751781
635306
10846
708170
847871
910449
826204
627228
251790
694489
358289
246813
532268
375238
83132
580239
963719
872145
221380
812693
359890
430177
396459
672239
26847
157025
843615
49487
766716
987111
487825
915668
612876
716193
469911
927515
454243
230208
539429
501254
1630
139232
978983
127521
950359
318810
722583
264432
16430
496949
887991
225016
550271
869675
175873
906822
811525
388930
234118
520642
13311
949287
125560
216725
415742
147503
356358
136398
569413
97586
639441
840732
543318
577952
560117
479150
498078
422052
368876
336392
125670
868697
83383
228200
519811
128855
610176
424419
99727
247983
105637
697716
633711
698112
543988
181597
28960
723158
438221
520174
502582
924482
887718
38598
75202
384607
756528
146349
550974
607114
586817
950069
605770
115147
50887
900349
608491
552609
670957
819980
719579
470681
57313
816629
544532
206543
408178
133045
514122
64046
95275
451137
334813
838104
18805
645233
813078
714147
660151
751088
400732
307532
430420
659454
276658
840320
877411
760279
282975
371675
494853
9470
598965
196993
50233
586091
561850
90775
755464
314342
693757
963120
298683
376031
491443
949911
902194
627690
965129
832110
25513
708122
783182
48334
313704
319165
382098
972347
541880
135753
263686
924176
485075
986608
860329
579050
940786
24537
383049
531989
966938
148577
776002
482976
888963
894091
94096
667474
35561
596943
403271
790973
176831
475618
994916
869077
427292
474311
694549
629981
233165
891078
931132
282771
103860
618692
373437
368541
739284
690495
99360
208744
410576
63287
224218
561600
813360
579673
533711
640948
777679
477429
123622
567824
286910
691933
209742
308020
734018
976897
318306
882159
588957
177427
713288
29658
602672
795427
836787
687365
878209
986428
505823
987040
209026
677141
965652
291801
967033
317555
606575
480721
826064
84393
714835
300479
956800
203178
418077
894669
444935
869388
927055
461198
216285
106164
938140
987668
524950
961045
916018
19653
617070
47186
708780
696531
65690
494824
857579
561917
829837
25142
484810
380330
433217
69495
258445
950755
875171
964641
548040
242611
383033
489594
384656
789454
257597
392896
197150
980746
404346
366815
461988
805834
156665
605811
9599
895321
296945
167536
134867
463328
341100
163059
70446
496014
280277
817776
672756
478318
46694
622148
700102
221077
646755
72476
745048
942912
460033
326589
138915
326113
416888
496221
983042
252295
532869
982261
819828
335919
86762
599933
38659
973800
265903
776636
203287
444537
14247
859263
306124
432046
36206
757190
810212
642695
143203
112052
483955
691290
773891
402814
862235
399614
842857
723082
957325
571748
88673
870440
834713
70643
207355
350524
679626
765408
213115
111721
205709
894138
174715
392051
631628
345322
162486
227227
872038
895186
127211
37822
241853
977892
658813
135569
296026
246823
324739
632934
336568
377817
15938
570590
355952
58551
488499
406200
464714
863066
172504
399707
80857
263954
102547
726477
360992
232167
420644
799636
666200
436159
217109
81584
729135
346964
321609
983326
652632
443605
869401
114610
929565
257544
398896
122758
707639
659405
576496
660845
251585
349389
901314
841902
470280
806818
778631
450275
671980
843391
253783
594127
533882
851134
707045
894674
642837
294443
171758
718776
202124
520680
88231
527248
674852
885454
192238
7943
75514
90532
254991
543390
344766
901672
368572
387107
64718
922389
94572
45692
424693
918100
247004
466194
672399
166700
882545
708657
421511
397599
416794
268832
916089
308736
959933
191149
971410
637103
101052
592122
727569
275318
656576
906382
651799
567255
98118
575716
705255
741869
507140
76537
248785
294931
238378
541100
133394
122989
405343
793294
444955
71956
577721
154404
558738
818827
489836
823270
136096
808289
847431
173091
646657
545930
394635
953815
727229
718503
301971
138644
294035
191568
824188
129522
940308
783355
551658
345222
192543
138720
61333
205393
394041
32413
3097
478440
57915
491423
672302
843568
681249
966234
99176
555674
146033
3484
917899
586497
312252
112106
629011
135740
583824
610233
732139
243621
701058
295335
356205
124385
851812
569204
411848
318857
861963
379948
170238
413132
996632
377125
202228
493324
202342
4588
483788
244703
928483
331624
733118
338939
620810
643541
283866
474288
878407
584876
114104
950320
944690
526145
362748
197616
852811
687966
991124
766060
389406
348794
293298
64563
26614
814161
900795
459953
962324
600902
730823
664238
324952
889575
764103
680342
120076
597258
845257
697899
246397
183038
840542
479365
973993
706629
99937
231257
905576
366235
917669
920933
903309
604650
86796
434820
939500
995363
13504
120975
623820
717528
361507
382380
398008
745785
655846
762007
371563
437270
570454
160844
31172
9737
858970
339099
216538
779849
30103
958406
507509
281068
763069
862986
586271
248527
36337
985825
607233
347801
400206
497716
287777
634422
772894
447813
782935
393330
197950
535071
817253
757513
493755
89495
665142
649981
9381
324610
645349
622175
54003
303521
190441
516968
922292
184471
633159
224797
925051
689326
115611
2258
998604
360663
396194
257887
662146
609622
970255
41252
814552
306023
391584
194166
436509
579604
980702
251037
138029
183747
471834
738289
977721
265538
809390
3664
291933
196695
276924
724106
94276
301532
952474
593683
234188
987052
270372
182181
101254
212476
44603
88363
281153
48848
621809
615699
992974
258925
515294
663139
469977
199391
562802
126670
435471
961987
499919
968342
954488
605418
494145
405623
592376
607146
119322
834906
918674
715328
906332
558368
530922
575246
511580
457767
116745
34155
771127
97941
889173
277404
580012
663436
61294
465095
436683
896848
312933
31452
399213
86293
789420
843454
359070
961580
416580
680701
660982
479603
532663
833932
898377
169848
378804
601699
404784
548710
966119
297018
861283
998134
496504
42698
513464
22944
734503
523512
829511
539794
194590
83579
442189
633665
236332
479706
736293
565021
942482
565694
562364
232894
678659
187811
880605
689099
212349
755390
273418
596824
425337
18966
832559
996888
167475
309956
490767
456878
629750
96543
854858
161117
72787
209773
841892
662569
238938
590267
575931
776436
867858
479989
988729
716412
603271
841845
845899
862738
913243
130665
466246
626046
766480
642396
345374
180213
122842
71534
41877
676361
196076
845026
3890
725938
411421
899971
614857
540829
241384
852435
378048
153237
98246
442818
93118
174715
759083
220359
271412
265117
28028
911253
961716
251422
430277
988909
214951
523012
982898
132468
69471
838797
495052
799924
148328
66639
871677
435887
842403
580192
341546
584440
759781
127791
732847
858606
639794
557777
356635
311215
500928
605926
407023
947477
170279
691843
697789
347163
915942
185434
38144
633055
89362
379617
662634
259600
754542
448862
724320
410121
697725
200669
762419
64565
352719
133197
847995
694990
579727
716146
803863
369952
70056
608166
478288
482006
710054
202988
794489
631779
902707
270333
485404
741004
216077
961830
180182
61218
961246
99821
820898
327976
315028
326942
883825
184508
561311
657057
751854
83415
533418
435644
626978
859061
547503
755381
738843
197478
854978
385716
315131
788525
566959
948901
126223
572844
284252
818881
401786
722406
824204
937063
957645
242302
403695
90216
133834
385621
647350
560983
266348
525966
625457
490788
3105
720674
89225
260647
811041
799144
764011
335768
848609
285650
446068
186129
593504
266862
432408
977254
989159
159925
585716
597215
468259
655835
302720
838383
880856
544049
288308
533822
108557
427953
993521
28092
477137
999382
524582
682677
492497
18852
408691
582408
472761
893439
860398
538687
991227
391527
786204
805174
7762
714392
704449
77542
725749
583172
686930
214965
777838
203631
146285
127052
542509
411170
70638
376578
453713
137015
942580
184685
408751
981583
526641
331041
128010
10740
288434
382236
31012
106092
197620
491582
127342
111016
503108
933397
651954
450175
731756
970601
880374
642351
129666
8047
227229
620281
460824
371686
230621
170055
774652
854004
497544
734286
421195
839595
711364
497993
826378
637148
669906
58413
764399
368896
779363
641703
617763
564383
950848
434027
74190
627557
866618
766885
521471
657925
706331
404687
382873
471228
846685
804449
430538
317629
247814
48074
303473
468437
508267
162559
790150
694391
19797
9006
33123
57824
389496
439056
619816
112082
554889
835423
665977
430568
645339
664789
434810
290531
572626
526934
493417
259824
174731
490813
915140
416977
820363
804014
685987
61565
342272
645307
638353
929284
480888
650560
750148
409996
87763
515238
650154
867475
425366
412300
409105
147764
742985
732389
960007
354684
843238
931198
928538
51591
992501
511331
452218
7125
869889
417531
239219
498694
132505
42175
32351
44941
955736
308715
523785
79739
34810
967943
725022
147033
134088
256631
585291
319991
676857
771450
556768
876700
721482
234381
557748
290423
942860
118109
405264
175351
118412
706221
788523
234088
802584
403768
14352
1314
645631
904427
846109
832750
334508
916387
907523
363874
202928
443114
856713
725609
540410
649307
158167
404064
5504
313453
393099
939841
311302
650848
486211
44052
832348
105939
104477
62882
403674
244462
87556
335623
347921
516257
596146
303154
195077
91765
210451
712118
930745
941846
374391
15859
547683
991648
660824
586619
433375
140873
281935
571809
686390
297157
196509
584775
605505
177999
710297
627473
906510
775677
744313
25614
270610
170162
517988
732584
284765
330
639083
868201
560504
751530
370980
395545
90120
512472
150854
927749
956730
449149
85111
369907
285469
346864
125056
900898
827644
227099
712352
199272
787662
106039
58233
590234
811240
294089
339195
294722
676375
99110
754506
510192
757654
157657
537609
458263
488055
924864
158910
444627
489268
713918
352225
500169
269980
621078
566083
503397
822233
854341
776297
988684
607805
652634
99903
126832
508280
908718
753262
873176
861686
164681
339113
927686
474574
968186
822655
294045
144936
978559
512241
141808
414923
41509
766649
136399
39024
286125
8649
559922
962913
369578
707126
801113
174425
34905
680776
385272
595870
703925
569931
262735
858735
923888
621883
441421
304021
122733
592987
64454
253682
449905
927346
206555
368689
572423
329815
190811
541831
408173
651396
446614
516028
14810
122328
123465
111267
458893
591371
750295
595577
710252
352557
731142
246546
947035
526883
568839
171139
613823
870077
61394
166270
459684
848099
258975
9941
548299
545930
215064
350410
57243
313964
672705
518525
533727
366682
76128
424239
28468
627012
252052
271675
972977
166775
926567
806255
199852
600072
48657
370545
26916
696595
518477
430982
294666
948084
390032
235654
745977
570324
436004
650080
784477
170063
628702
503282
322704
634160
581414
128586
329766
618632
101298
286279
337403
440027
847822
520235
195138
20529
370668
728946
903921
216262
625087
607710
670263
459551
725688
37990
375647
487434
134748
214232
330231
81418
303280
502114
271114
882063
902745
215876
461189
758729
46288
156794
728592
386125
541393
91582
156546
574665
630722
116286
606237
622862
471889
496989
938441
853972
158819
82499
612932
50034
641090
152188
557670
542953
497286
407594
924338
835812
999482
626296
63069
679978
575495
135171
977213
293129
445648
775167
882730
287359
284045
865876
93474
385471
38050
251796
653546
573097
523214
293357
992950
729105
140564
755808
101269
803841
721916
842979
265219
128995
162025
963347
956130
945829
535569
900914
781789
114604
833865
941865
423239
330870
707494
71768
519694
308593
518653
29956
521014
327971
563934
218845
159502
19356
169339
529656
201121
170952
409312
913131
213243
405156
125018
662594
207433
410960
279250
791394
353413
536877
195812
115487
613614
738071
459275
969841
714228
55025
178447
864318
389567
404119
756991
867335
163207
303947
672703
232600
838413
728875
824044
779306
472697
413057
155050
358153
640205
35373
330303
262480
476810
69987
824352
325965
306091
550293
563033
595193
549355
79243
400228
252999
251400
289111
393450
201758
359804
688766
683216
867184
839282
897811
803420
772028
172503
677962
230
965149
457993
85631
440594
776806
966585
694627
966898
976547
19984
702036
282702
744808
281853
130139
324883
562136
661276
294409
973941
574535
451
161342
867124
822295
345984
627480
92881
779009
881287
724193
505167
739503
606135
293577
571574
96657
728105
918639
24801
186452
167375
982402
547403
831614
186743
894921
798538
341814
195140
928961
520187
52213
808438
933231
195433
654990
775754
567921
163327
999431
207787
353695
622331
632874
843731
301104
199173
852877
348119
904875
382588
856432
761492
257689
987887
678785
177240
8797
480187
709664
855070
813221
409185
972192
916143
23211
12589
761421
335377
16871
486198
503258
130343
663814
320948
663569
97079
250063
102076
569884
216300
910607
954812
722410
937878
134001
766504
938163
407466
497508
849505
69188
822392
71456
781302
748307
55685
140066
590433
297618
446857
362474
520705
671790
999782
487878
921160
775812
445317
130473
48770
270236
630409
469989
387366
823912
648855
320230
830373
463775
599717
240591
198663
4056
800771
375967
19451
330604
765624
955400
737551
779520
222995
667202
115106
731226
628168
752560
182887
541287
659938
327815
413427
200742
785943
75322
522934
235605
23269
250667
280922
361335
169096
951624
87982
213875
463350
879557
82036
782451
526563
429024
822137
636766
416441
591790
906472
993155
595377
831021
617483
120248
677917
655592
286717
73884
490434
329908
357695
200052
670782
750232
900520
709952
1686
149469
735379
272915
710074
212953
891308
562335
611596
92614
388950
129216
225823
164661
381236
850391
618859
435765
357226
720679
664943
566536
903713
899123
574652
786529
992769
634596
552102
10324
386596
749127
972121
601089
169918
426594
921919
61887
597778
423230
611759
505303
249294
985837
648874
498278
927538
263442
111657
507877
228212
116715
833397
928908
631217
844680
860869
837919
116769
611098
933235
465278
970987
33134
559185
81046
757638
272327
266206
633803
621495
336177
664141
550140
78688
662467
585279
327867
3467
65686
48833
792072
96386
616698
61002
317902
5005
114221
182582
660790
395568
600062
714455
213346
499884
39443
392608
592765
731768
260535
310845
844367
327492
384181
262181
731246
494047
429791
322081
620398
642122
171961
868772
200999
295020
141683
522838
5091
136131
988052
715389
113701
308870
344519
952190
926472
276241
660527
358639
142972
96240
143848
517167
800642
272214
989699
975951
334059
427951
135376
302962
68291
509358
528308
92751
187064
412132
235631
685914
382797
55952
539639
15891
683521
468899
209698
937084
691926
929479
369976
911395
698208
807739
561507
934002
574197
270615
910118
177585
267959
380398
956657
760544
274012
326924
2990
231659
885259
803577
402837
215382
566606
38399
414895
868369
994949
803772
747800
887005
395861
548236
403211
553642
786950
635510
694626
614579
690713
525184
704798
854435
973697
113091
962708
716030
715984
136142
738206
358347
532107
295013
637204
796935
46100
359061
949031
78527
259315
699651
782135
50366
442482
79788
494246
947012
277912
957248
608926
340358
189090
814906
751256
777770
468060
850495
599570
300878
828748
746219
739577
622566
140176
777963
132055
710684
812050
180545
38278
867966
799090
510053
558301
724585
67717
713412
692212
497232
62815
942363
220905
538001
821537
503996
249038
770371
536559
817502
710797
247476
803562
886513
946029
548872
194422
355019
762649
857435
525521
344087
662524
495208
476829
332590
2864
266400
156009
810454
171360
296110
60774
541689
790597
256544
974854
164517
109933
740545
973996
572837
57878
495496
330777
963925
822999
296351
377281
786688
181612
862622
767780
668766
802293
418185
332956
887259
38460
897121
987516
126404
939692
790779
527372
614657
838368
655399
384474
132566
165936
468830
185981
74455
885291
16350
822696
437560
183960
626339
660088
225057
649911
638841
901065
601176
460676
176241
780186
833276
963806
721007
310711
383346
295257
180955
224980
428689
842571
940003
234082
873516
647859
359313
749765
202950
97562
754674
576742
850703
739532
437617
857858
47506
347044
769752
594897
588192
226003
241416
727125
961238
310121
226990
610174
180298
319601
704631
224489
488294
499071
142746
891500
345989
244679
978919
916354
890074
557154
809886
231211
98093
326545
939607
897295
38563
451919
81220
259595
776484
190447
718645
872154
470230
154429
91156
522808
696232
729555
517377
168352
265251
607018
853982
356201
318805
516291
753336
211410
44286
773576
407189
176357
323710
565995
419424
952911
547587
942006
784459
729270
681883
88708
787254
697122
426137
336813
905408
185995
628538
785490
419770
35100
689997
850784
822971
30173
15033
9680
541559
185443
984219
985564
193188
802642
157876
715167
493843
335728
473015
863660
88888
316189
324016
321337
185982
233224
849954
280289
139323
337239
54052
625690
152707
919467
600436
51861
605879
404786
87893
140867
707991
41535
191993
438371
170247
562771
531466
57191
372579
592418
791191
452980
887653
614149
36016
705322
905724
446366
913262
435435
742641
104651
90976
340753
723949
625457
921316
819395
578266
725719
700022
379515
145118
426657
488900
383732
668715
575887
107597
645525
160317
18389
297534
630335
119440
109769
800431
301498
257478
827586
998358
529863
201842
877569
923748
129689
485252
91501
465486
648985
939593
248696
287720
460774
187434
473427
672653
983321
534413
807264
442986
514708
96537
902244
922198
38212
277305
476524
991076
275538
667259
925824
73286
906091
251105
199775
436757
815515
275015
79992
977263
609059
71567
389696
725145
443652
207743
879353
488493
528627
633755
81726
380125
570963
843860
27041
348091
843208
453636
607522
948518
855274
106830
459401
158546
800388
124369
751603
846954
446842
712401
27957
225149
54870
76360
71829
556152
301266
890294
452616
281293
606423
797534
3144
569697
526872
334945
588668
419415
551815
128454
649194
480621
717407
56698
376741
13683
358963
262265
322875
457786
387508
386829
998099
496582
21327
394200
536793
927610
746509
327112
93984
810707
416411
590078
110342
530907
496716
557212
498020
101543
698202
863515
408629
459744
320461
550176
641936
438008
351336
190267
816496
897524
414534
371638
932525
181733
738974
828152
23632
602472
370978
230160
847737
802844
363982
200226
628437
812449
814245
983837
561095
545576
726757
463026
203607
470808
165831
440823
715306
422711
21374
522389
628305
26754
386215
982053
349766
716651
870831
403002
193132
172615
488376
262951
88508
678165
450607
263542
465505
780357
345290
631428
264775
936132
759937
528985
204300
268411
560613
651861
922255
848430
947951
845660
620795
189766
474748
403492
488540
525368
768421
337523
615109
613079
277419
178767
567609
525947
357535
440086
180766
44939
420748
935164
634794
238853
888886
485908
467561
842742
355554
940908
511068
225434
842294
117655
105256
673189
730725
518526
461014
44791
486951
50204
631498
34907
949744
572129
254038
675494
268243
7429
774529
777676
202792
393663
932178
441202
803983
259716
25957
659042
974358
273836
613583
56418
981353
303243
341949
575881
559717
48841
400307
68594
244445
148040
386859
58342
288125
283889
530656
936151
868086
270358
257278
543028
10122
443262
416889
530932
734072
866571
836795
708724
95046
932704
254266
980499
338519
789334
461278
759444
756146
886565
352980
533356
582195
636094
418323
767366
977635
120163
368508
16897
278397
573939
295945
120040
955097
711951
206407
850317
682288
714255
344483
782361
524644
736796
788230
732775
6290
965921
59376
49875
521115
599415
21114
451149
695593
875338
919368
643782
645195
240116
627515
207847
495687
671468
926688
98979
506020
327238
286207
690275
690886
194370
865137
955578
113956
294451
125873
519120
254340
574115
447080
381597
230684
122742
391958
391734
786155
80842
429345
290601
27721
515473
162005
242948
45368
109279
344210
448932
447506
940024
941622
135667
79255
446918
32484
476570
625484
295922
599230
64149
128224
336276
694389
409675
287982
114895
228377
66693
333841
260080
107720
579391
810594
836359
28403
651672
796373
698330
943518
315829
981005
78215
580985
970378
612188
737782
427530
27069
822382
345375
112288
696722
205481
240859
586594
307762
433797
661884
698048
132328
152838
885830
399697
5055
154710
855227
416612
502896
492747
912508
882820
698384
239727
71688
242555
361658
801051
50314
960220
927809
218231
754325
723184
936035
204022
117414
389834
329559
372189
657124
866785
123775
233364
598154
78351
753640
797088
854049
222923
992386
657262
558325
159743
76786
874947
840461
151682
387623
755034
505952
357760
709149
730828
346287
421421
559418
923213
252488
622573
941611
916783
411442
430011
144626
130372
490654
504475
574448
313526
675523
153614
186369
485722
31918
753801
266214
53807
661075
98614
896385
498825
431809
625937
576999
179616
107914
82746
989154
755481
220351
390214
942559
502492
741098
90143
914636
123519
36072
4802
996785
668690
244732
803039
913456
305145
502143
149365
77325
87967
333267
451372
564364
526215
228843
984257
146079
559333
736915
60102
795705
374614
257304
27226
642546
908228
709811
76136
619527
608775
311588
600736
589246
438260
736552
896705
974652
746457
356508
985747
71217
982826
884755
574022
578006
480457
464327
713797
745911
607666
292561
106531
903015
798911
222995
538679
340741
408221
20931
168979
967748
75036
795138
990255
71580
71682
485615
890437
207539
87972
689141
590621
418008
390230
281140
583095
811411
910456
349534
879883
643195
395227
653049
200490
226975
341789
518189
709482
963005
821576
51514
316174
251575
186461
684639
716894
871054
338247
829553
283297
367157
966061
434455
439714
234585
457761
146904
43597
89200
113435
731107
634401
92148
702545
268493
729904
247647
300336
243951
71222
97527
244041
795306
146772
57679
452231
881537
847831
251608
433175
391873
976848
668338
703913
101550
332558
863008
324327
460511
43674
554343
52127
953160
171178
461452
960843
624410
685923
873497
185440
703763
712001
766851
229585
758950
960004
542188
163581
10509
100494
757441
279009
843636
895418
633016
412467
710305
166216
771180
305873
647088
222846
501449
544515
269598
969145
580386
237373
369389
920951
746442
20348
414373
408258
777039
229766
332380
254497
606910
769735
399822
860739
577698
388903
94419
881256
293320
936461
885153
542760
418720
896744
499978
829808
91878
87543
116278
309167
209569
999193
274642
318944
322048
476320
595685
875983
692785
651563
186555
100436
52850
571634
172675
946759
320033
126922
291802
356691
441492
6135
770712
763124
140017
478501
889092
619851
422992
282447
218027
93768
964746
906594
291725
264669
427376
168576
319085
68027
402857
568656
432771
656504
655151
362942
101333
536034
467960
903328
79477
776856
146819
986999
834029
351563
464756
453292
587135
136723
707584
154140
431585
737288
753375
541655
970866
752672
772510
386397
559705
748623
865500
402545
724734
334212
410152
214100
618046
225748
29318
891363
672380
787659
145492
586023
113628
627708
852137
1313
275678
135053
54819
730414
167491
274469
879470
674486
285160
219028
837215
51088
890102
417151
91161
840303
290541
434226
193120
400689
138023
579637
662639
763525
686344
858423
943823
93867
920953
217350
614417
863719
255523
132515
278790
157761
789482
78591
696946
238840
400003
950699
208566
345336
623624
960038
574373
90880
741844
206204
142757
379152
79308
637393
610528
533586
364874
127720
424829
592129
496767
780547
111110
626914
572229
163326
322061
68432
886265
816449
528786
942638
574916
98842
309438
557954
835596
91919
939921
285989
943595
142508
816216
485449
471525
526345
704443
318031
228444
252740
256852
842639
326123
849177
872976
684999
828923
499036
515268
303269
810721
535448
537751
84406
305323
332299
628557
167549
278817
937725
643837
773821
183396
445094
589771
889761
713382
228182
314425
993899
902987
663827
661196
821596
259308
415870
50683
22612
132657
797062
322551
466746
175703
244536
479825
131546
350148
643618
45195
394948
328003
423561
828226
273169
994385
699192
344203
557300
987404
620889
80019
988709
233615
619913
50455
228048
579264
448464
59981
301041
661234
222607
913980
182005
939928
786096
48279
687806
814516
754360
644100
660128
305496
254119
352398
623429
729619
442996
507402
563172
902147
875370
127946
262444
861744
34457
651167
509561
498640
65061
515416
728926
445347
723703
497378
462655
101605
919130
55393
334881
520733
950907
889312
614254
941766
557499
584578
608616
386517
384712
917253
676233
564058
417634
228647
786725
869268
6355
279074
592189
53507
816720
992162
931550
681041
229205
525890
640709
516385
555786
610151
679870
791005
529672
333890
378185
216247
980510
839880
997237
779860
928308
393917
481832
622699
203556
815768
57248
832222
995023
272383
875404
361394
589166
583759
707633
901518
337951
599122
209490
923751
794904
286952
32773
94744
744070
309815
469254
153907
22070
988902
470923
275906
176609
964485
18416
936306
426225
810010
863599
681026
597213
128945
533629
854792
451270
829221
879966
194024
304797
538086
462440
4807
439108
907581
175566
131832
267746
21205
265187
93399
655862
533240
198630
575377
800423
600818
789296
923894
796142
442115
738044
85846
869209
937630
345929
436982
213508
331343
869836
638233
279299
958069
204409
291353
886783
344705
327855
97615
671916
561254
342217
624282
104369
206869
699976
585741
63659
374463
486164
55878
120098
785817
987629
838811
377881
683427
621220
41874
261563
88191
272287
96247
232455
152335
812473
513445
764443
417675
329057
503193
687313
857411
393315
144267
503787
455969
832732
613986
308290
336258
421852
281386
462735
507767
311844
521140
306939
767768
137836
411881
475520
279285
241872
880676
139079
451887
512283
423617
116745
252105
919472
400547
481984
726630
926197
632810
428646
418450
594208
830399
299402
844346
285710
930161
504051
615589
459741
932727
718709
653864
726067
36346
646852
426274
413032
590842
83785
168380
824867
105128
713549
423728
33733
761774
209217
865179
86411
840744
428788
609370
122575
949473
408010
460945
958972
776350
856055
442480
539158
397113
642688
116375
989817
842562
780173
534425
472713
487742
462780
407845
364363
588360
782612
488996
300833
305893
479960
319184
239290
984482
407252
694768
419439
767222
394043
831350
725025
286474
201914
570019
865132
599080
542422
506025
160586
209102
969806
981450
840400
649928
250288
390667
138134
750560
659531
143287
903727
320258
503763
71182
128561
482581
649113
419011
409588
717995
859031
122206
790264
85969
192476
13151
243887
741639
547191
764408
190559
761842
345150
181985
991118
286278
553379
175053
269792
676741
916354
533233
133246
88180
118346
578378
7695
263272
362068
732371
201429
20333
656429
263032
600227
912319
745530
856602
894986
733521
321043
567381
52416
192841
401141
310525
196589
580884
451088
487277
873865
637560
187085
75744
168773
812653
326304
853812
991548
407811
379801
636206
936423
997924
862004
915665
56116
635247
316012
646903
170011
312302
480124
274454
825110
119060
123378
986017
165317
693800
516441
910279
419570
981024
645487
767019
958322
774865
111592
176050
505022
88733
20822
969891
408421
657688
684016
211002
938914
561656
357708
580480
485237
221854
565633
631029
530240
924911
746899
472236
840229
549914
723596
805506
687667
454443
760988
936636
434406
136126
523183
819963
653611
585869
756509
547464
647281
245452
42970
421834
189190
852447
412653
233251
698963
629919
889033
313378
563779
956715
298149
265220
410198
81561
91887
897475
555683
138877
986974
731015
876526
756030
180697
284848
571457
997790
79003
727407
558673
125964
541541
551600
387643
248916
362306
439676
189561
399186
926619
35936
847480
419772
621406
652123
721763
232682
584212
578834
271148
600605
668205
831242
82944
749946
699175
206265
478379
628131
548197
882757
762924
890413
181310
5982
324153
280764
123772
198099
53023
914645
375794
231703
165197
788433
67661
997113
259445
859537
599400
672276
85730
690686
802981
414907
383019
884693
567296
829186
377900
835004
536541
458016
811452
919899
830124
565327
711626
229996
60900
371929
710442
819120
47162
164397
19406
56635
357580
410833
20026
435348
774093
906553
284353
655102
570065
666349
482903
686722
624093
462457
391808
228972
518038
837060
830085
419795
440619
394726
519237
510002
774561
505262
244400
462841
268834
615315
552348
807980
27689
746667
789838
620164
313887
651529
111172
911068
715778
837014
661743
491375
594227
841908
776310
99397
589430
796591
941512
622316
443995
633961
617562
192172
880600
966100
544856
199654
974653
587118
598600
427669
309353
78041
687326
807134
538752
382939
609355
731849
272004
709292
426720
486139
762332
929531
626221
680380
677435
191011
435271
289245
613298
937677
447023
947071
994345
907726
831478
252960
97978
603477
939356
850189
471961
953908
823444
106336
241391
843455
981427
415283
288827
479924
895327
410726
579018
450085
538535
648247
819097
547004
911689
512160
421206
126254
804795
567740
178397
235422
609598
474119
255204
109072
884689
149046
47886
813887
642150
59376
582862
178180
529272
839501
500932
423144
862458
861080
309062
21072
363744
142753
104165
194790
906173
716498
380667
410319
438365
693890
580639
303207
732702
83955
693576
476139
103832
388499
866420
862591
742818
421498
448146
30892
181520
65691
878933
197447
322146
131296
297303
928436
700707
202975
49954
411074
992631
300074
276417
780319
145719
712554
381031
537404
550957
829712
61587
409344
600130
382875
515803
909308
434538
464322
798018
671843
881216
953534
516974
940026
909709
867945
562758
875681
719030
641606
299503
655720
530905
759288
588682
392711
999782
792454
505522
47319
942310
87514
516632
187837
853822
285570
424935
81087
794052
606175
243962
565817
478149
787368
157068
119008
594940
297631
381154
351407
788798
36354
119121
305400
142021
955311
595144
856136
547071
925015
55909
224743
821799
643711
400133
682128
564211
937787
196582
646501
824827
605476
561573
416885
667445
319070
668818
216187
49972
387695
898487
565491
353160
714464
303507
271981
450984
961764
411751
246735
449056
207200
286816
915724
80966
298534
548631
33409
221290
19657
722177
338061
581964
790609
767769
494350
982559
492302
132242
718074
595266
694282
364334
367477
309440
933076
993011
951900
47570
539984
735570
375274
162140
261206
528634
500894
291494
367866
671894
913572
271537
548404
84825
782179
478532
556266
675887
70869
993475
211542
343617
176858
513982
897226
844019
744676
948338
983114
591099
508714
885295
333141
589696
263235
965279
698416
35774
573001
825364
728245
643116
519831
45875
539607
170243
308259
948813
27094
790200
158279
498756
887097
382554
205311
748900
428094
467838
528000
803952
882555
735535
148242
508140
702519
614238
167462
516581
284411
42085
226283
940433
738250
781548
413745
792630
717759
330373
271484
3836
928979
148441
500711
511822
166773
787653
229363
873749
291604
240359
513964
33795
979184
607687
69947
632617
699031
916881
272730
643707
885597
276407
469340
136491
31629
426317
437384
493842
827738
739536
345479
697779
76634
806324
965262
837906
351582
784859
463031
743964
353751
889521
998487
375486
943174
103870
263196
751795
181769
255953
644126
21892
499400
854484
504249
458458
881858
582138
9235
387672
941060
555114
453437
225320
834798
465324
299195
694043
434587
367101
876141
889345
476032
300841
927160
918963
72301
39000
798202
972267
523048
813613
49794
959702
35446
12912
193600
321038
185713
739112
272523
883305
131132
218475
800397
341606
375680
688149
158303
857749
417213
447285
694314
539051
61082
432427
856992
657829
38200
538939
470335
999971
80950
750570
742099
79812
409949
437225
27394
352255
577369
53627
863279
983054
365729
57433
192704
949677
286694
187750
666377
688156
847495
239225
520030
48013
81448
992380
300591
684960
167454
986228
989429
555853
518593
871777
910722
147371
668520
16045
985127
675724
910584
784754
952231
617453
877863
256885
502477
277986
427660
331665
491520
693429
2939
405438
259312
85307
473100
48011
687475
824566
40902
137290
141367
393791
432695
819891
870163
587249
937230
323695
954832
964388
297670
560100
451561
158206
270221
771630
259101
890645
196202
398285
108563
760454
467944
222416
301857
704492
775219
516468
85786
577812
596715
895202
209786
760179
910369
995603
237716
903208
68456
545285
456980
75973
743166
862529
730950
104157
355396
982450
285417
581448
457904
522710
45721
588669
170972
271319
640557
363884
607029
956105
130434
620084
967703
692966
339090
925384
851511
295595
593307
185918
230993
419688
842493
523080
366947
392893
240798
309733
966075
522649
100677
411431
491356
809505
695296
394547
245441
869054
273514
688447
36912
862481
878038
174033
571389
177394
942331
391444
723894
188237
961558
100038
283034
16138
251222
140847
708040
289517
90463
279844
423230
891488
166581
405985
392409
633378
839733
484711
252849
181937
861132
601469
948957
22093
609016
75580
170482
301139
477700
431827
264152
311147
329957
201213
215822
905403
792065
279388
832655
829611
59681
932266
803780
747237
363239
747663
3743
937024
196518
826682
299938
242299
72775
55889
901365
991373
354613
820945
205978
624604
814980
448278
978077
117152
397900
727835
864989
729790
531872
585594
475738
283095
735842
536902
324173
668669
862296
969913
320406
233142
946006
379761
191567
502805
586264
18728
342704
969334
666088
731045
580782
951476
413762
56073
449051
232660
821809
631533
574135
843198
353434
671104
145806
633209
844449
791168
366800
191032
117641
293273
396449
989086
344014
43464
367151
429819
957685
293792
739488
942977
758530
133847
232115
37416
634537
33321
242701
173591
524383
999501
984685
678235
726131
648676
980460
358942
70308
629775
933537
143201
155373
959712
548095
669817
997990
379925
96820
423771
474134
91884
275688
411578
560769
632988
18129
272740
477212
627532
531445
997505
159131
386438
315266
317494
326643
925183
752856
186624
224311
973352
381327
571484
365630
31557
954388
154076
96683
314762
391838
78385
661267
322987
26934
930753
101826
107256
229875
561010
693166
569843
212176
818560
151272
479796
27778
443306
586748
19921
342814
428026
255740
732241
318794
777775
230292
407092
512841
19196
656365
879560
435232
197425
620575
445957
986164
905037
766655
301591
462241
359333
984800
915439
856695
709578
925428
650997
738820
446186
536657
799153
41049
541268
8111
576787
284715
216440
419258
231671
973076
490461
921964
614461
79754
280919
733052
473598
265974
182064
681531
478344
919076
152957
109132
236511
503669
268055
722031
530146
323454
988046
159619
102390
413683
101171
389538
128847
997746
651014
433645
821579
988745
700900
106072
335436
944134
601343
986092
982552
461102
388788
662988
905379
684706
486299
272381
880793
871768
340069
469634
534748
374383
419262
179036
461636
28484
55967
473959
306153
858617
621877
66846
154875
166241
625808
77756
421481
731222
94874
759600
947957
632089
395854
463147
45098
263295
576855
600219
620298
961245
598097
243286
159910
829489
650262
336158
58490
819166
941771
311518
391509
853281
832801
773222
651738
998580
362976
850718
104557
880544
749551
760029
849389
76825
782054
177611
499576
24824
448955
433528
578772
918719
876377
32890
642220
821618
181847
371548
960772
284779
185434
840399
510687
820166
359640
569758
415102
198690
512681
563536
474823
778061
164577
17248
44759
742992
568415
607177
393847
464531
949145
560249
661419
394181
928217
14155
605603
178678
387323
212684
957778
411159
404269
384018
599575
332148
694033
186657
973169
50941
290273
962687
575391
611459
110234
546371
18653
59133
350533
40449
621306
936885
67781
88494
771166
168162
509038
224432
726416
142662
885893
826163
276224
21485
616200
378920
841501
380952
425030
448664
58451
48972
948674
363299
40277
871517
40028
758637
797000
166920
97562
341373
512091
640463
155076
790940
260894
742349
722281
759314
608168
948749
496518
599976
355679
98066
999562
134917
780205
734343
245799
476261
323219
456844
585980
141187
891504
807667
199927
906096
384480
749438
682391
901251
418507
380256
102103
870573
691874
19530
703679
182421
591933
793666
763133
480011
876137
644670
418158
691706
488445
870619
524027
645929
904846
373429
223394
68349
762269
109739
888146
879348
774831
198146
590194
25093
653554
400406
231113
583632
159250
607669
797410
504328
873784
793400
839844
614507
858695
784095
15809
968981
696555
869243
134500
239199
170444
493093
914244
805567
212374
980214
787396
751722
705025
773707
445345
349705
960015
478949
480407
509163
37095
707357
962312
857841
252023
209658
405819
305938
65271
622518
830619
489749
890353
153185
5655
475618
532098
810986
395484
632064
308620
301011
574020
94159
842753
181966
2332
802280
202942
155886
326551
932401
276289
382531
367340
419058
6914
82616
722167
716687
444770
531133
588713
409960
168798
903135
5960
378661
936650
551642
488664
853180
283345
853037
307454
292372
142139
260517
92197
330737
737506
780908
855010
865633
25383
117801
572787
344834
366081
909147
177220
17913
821999
452596
199858
986909
717296
359554
33712
962966
130295
899829
577037
434023
892418
669962
471490
628382
368786
878598
539007
953595
67298
303477
627433
413801
271004
888083
389479
699263
692224
143830
580819
974374
92192
228028
654531
440781
587044
722007
140310
506628
126097
929795
622904
877402
772400
15278
173394
700892
595070
238620
799103
202500
759482
43467
828802
565547
322717
659371
714368
663564
269997
966682
172660
701243
649498
579488
406512
567983
776904
134073
751445
764438
491205
902399
147219
456988
400461
589274
186961
511454
830144
611901
579608
882745
547354
860113
915678
156368
176161
71519
727223
54685
818160
621575
755101
247762
473544
508248
291835
123453
794862
362931
522183
590418
783865
203588
598013
144464
713161
492236
420948
552123
372108
97835
749343
325775
748977
272947
822012
50797
309930
385779
52169
524035
903996
340914
762370
156197
126518
882431
655839
576937
775599
35576
797730
492490
239963
893700
832277
631289
794583
599237
86105
441473
655189
957910
809077
182168
90876
141452
795415
171838
314023
355277
60299
662717
892506
142535
997396
188631
236189
964332
967170
845954
56661
162864
523813
176714
811204
687413
389706
165501
55056
903882
672585
686398
381419
513625
261411
654160
67117
608737
965413
844400
42936
148976
636989
913892
913226
991873
559514
574564
462507
930830
539051
941719
175052
154451
886026
531932
975525
615766
984524
577088
882428
121178
540263
591532
454598
178966
582009
103634
212189
504741
196586
964916
883293
216213
730875
435650
872083
466518
196426
35570
471048
561671
836330
796329
154496
185789
114031
586766
987112
455792
405266
241879
226643
631718
982864
172576
187673
215713
654997
127810
880052
152708
158596
845249
418233
921118
733052
593284
858388
418034
915462
397803
49663
318567
426081
407706
376464
235887
507784
785024
651111
843226
638870
808358
4366
766343
723419
307194
708797
157896
255725
41665
350932
488312
323946
126266
504158
113057
85747
140466
448606
246082
628632
323544
374224
708570
226092
988696
104821
542485
83290
103120
260425
960701
398629
406024
326934
919696
39363
163716
536907
834094
996803
954259
839816
237303
233256
482794
75727
346996
346151
954204
9500
238871
853422
175940
75819
286566
215848
323534
170846
592285
123978
634994
817703
840795
347277
394916
225079
587690
388350
229729
940109
840425
496666
123897
29883
836604
318069
559286
792085
608585
723038
425753
366218
919392
548524
539636
208714
392407
430114
207471
51250
179237
737114
378401
949965
700277
478016
207958
937949
243597
419177
527849
856489
341675
596872
397258
566421
52038
211292
605185
538111
861963
829557
425159
944212
203156
328822
498712
614872
992303
783953
821318
555349
473928
522541
211334
791801
897853
167983
960062
847094
341376
621096
153480
320384
899373
796700
603918
911148
318291
972509
885404
741789
727680
939225
990480
798319
111314
828578
314238
15228
992660
737106
302799
962072
251671
879616
293493
119606
355783
282341
530647
182679
69424
929182
951464
421815
202705
634998
647776
426650
494539
323320
93249
277221
987801
964022
949510
478978
210430
575497
774689
546209
598871
34631
530086
550388
578641
244670
109279
318686
34412
532192
541373
660603
433177
190403
966875
827234
794852
234094
626091
800046
185073
350434
759191
457029
641563
176440
100879
193598
651031
486404
903221
272468
850695
569091
264041
771745
789243
2010
430876
385548
335707
802907
379125
338254
337103
706698
4561
79693
677383
762731
321111
508140
272938
565272
294434
959840
999595
726480
151389
351199
855148
928046
294882
142226
961828
60389
254260
218917
486544
630769
464996
872178
277885
655789
218756
654935
283521
889805
848787
213893
144816
451278
703830
227971
836016
107254
949946
262028
254114
968159
284041
556028
457424
710409
986884
567429
340321
16340
232435
346611
389415
959627
111110
507728
651229
352496
473309
251633
843659
328748
743783
851437
961326
300025
341578
372274
995075
558347
827400
777917
710455
786477
192492
699559
230072
71265
700365
849077
660413
377791
8860
49062
49804
862429
125384
697788
134505
852973
686234
201309
224014
539330
822028
506046
860953
912071
976809
725246
995179
482598
51770
760905
780757
250502
970408
307200
19376
408069
371928
573449
80043
219626
85276
888357
626795
486517
678354
507267
549286
40100
381095
959432
597267
585290
297865
813065
723120
270940
843101
793054
215154
141645
99821
729307
176166
731292
443045
862985
354585
838784
729365
302271
252984
476499
151781
720646
603796
826333
479794
156778
71403
427890
223923
291246
814524
662799
579451
145689
110757
510007
409310
477978
562526
985794
307684
975070
879561
639323
354331
184100
681009
60807
47303
733553
221350
504604
384263
52355
6124
288879
89762
54347
57888
299189
433835
5665
281028
833429
413790
57262
272438
362765
230524
64873
721701
414187
768020
341587
980266
27268
80526
245462
852575
8009
797623
369944
617315
747228
498564
382141
762916
408130
441030
964320
892969
694141
687400
452568
390949
382330
332765
89569
77563
380024
662949
301494
399987
808916
483007
559655
259888
463457
893285
284882
214188
440694
864634
52371
64529
95941
960313
289867
972736
32857
890614
381570
644270
105911
927589
585895
108489
792093
692400
460597
542965
720299
756611
765723
800758
121491
953277
928714
756365
516657
825962
916098
650708
805432
482505
3802
264149
661265
745248
970871
995449
810251
887615
557487
373880
387302
959718
666341
125678
502903
566021
814332
183721
530730
530891
563993
222543
29488
750354
419611
553673
153920
244756
484689
607384
980944
771458
203559
246576
389913
916389
136134
74281
659992
992326
893086
906375
713898
147586
494833
232288
712421
854833
441508
110309
865927
492685
472183
620212
92528
637348
734797
216384
987330
840936
573478
467558
252568
445461
252871
538252
666973
422921
623584
923974
395084
725051
858152
98166
696095
777164
650050
646445
608101
627
835950
596006
656559
893626
373857
701214
524578
879345
331668
890122
697508
995893
415375
163870
957876
781941
883877
573732
606389
488691
595712
843731
383858
169032
833225
858710
261593
127959
278318
657686
57260
832913
574476
913822
985122
264067
622028
759427
924855
746676
576994
7508
856914
421070
869044
413091
185111
355278
677691
367921
666271
445690
718716
927861
508244
992501
503618
857613
763659
499387
81084
928344
319648
404863
42148
983119
970019
459559
693335
976543
462020
638720
824667
668240
251054
143519
962994
653833
119548
389544
9491
42556
110767
562586
370583
395544
169953
818041
266002
954988
430879
591817
545474
700924
43374
714860
238308
827158
517343
131618
896711
86632
46451
511306
749920
709501
772751
194941
407098
183602
150310
324047
632294
250395
94177
33036
495457
272371
800349
381770
527696
125829
60465
10243
447867
492091
541090
886318
556868
272352
425503
929561
927044
157312
371215
905418
50436
596696
613748
20875
387330
136783
479703
312574
878323
683352
693813
839192
557132
783087
355976
438966
55098
640265
861474
526556
720481
758848
192748
990513
329904
48347
235416
420860
84245
802460
484708
606485
906989
835921
412232
625964
485039
712426
599431
481859
727090
479147
65199
734717
456576
629077
325185
541210
59776
63365
244474
21149
13600
737018
986397
555225
623590
791263
121707
526005
812293
5569
507690
764447
767650
13325
105579
30827
979840
375626
959018
380092
893398
468944
892419
452185
657682
45992
901246
488519
676543
540998
125465
462765
364446
921062
723815
696069
46921
945030
226639
888687
107578
303646
441345
425157
843000
163415
834841
553933
834405
769352
955121
367630
906258
567731
374731
951884
130003
118637
86257
509919
194013
412681
922067
462874
645695
872027
920369
600484
923624
579108
621207
816617
739692
214810
615866
400151
878854
369944
933299
23272
594026
687470
1679
558718
729856
612092
391277
561408
141679
460752
639910
976973
599833
965810
464961
823509
210376
807810
115163
57527
539279
453983
41083
609438
790641
95533
550365
9938
135395
972693
578747
85920
872878
76969
94661
531231
297401
389862
564801
508214
377265
433898
471364
924948
541386
77963
837481
917647
355328
311052
708622
269613
58366
887344
826644
759536
640650
978753
261411
481085
531458
562646
112806
518239
804037
586684
188017
602101
407690
134023
781041
293905
34076
696632
869174
841745
67882
352995
581043
249853
314976
209057
413984
465601
928940
269022
355911
683377
342899
529946
219507
793699
470864
650201
523832
456814
500890
942913
30479
580790
828032
355566
500203
101619
488046
17522
507738
240490
100617
933927
147987
670964
386468
386647
557537
778153
131158
587859
133040
893082
565914
703017
949086
832855
598816
390745
869147
359091
299194
212524
882952
232445
447083
85368
913699
588345
132539
996248
370545
360981
68442
469853
19630
840431
650720
98614
430496
743236
237941
447128
987163
164491
216629
328314
337125
551178
430285
956556
637151
125738
650537
338740
523479
243267
557153
459638
300047
915073
379158
26280
152730
229770
145403
908735
998531
569152
164763
583215
503200
832110
373787
709614
85566
43063
499021
713896
984095
270745
975435
85055
920075
135306
499416
741885
646675
111051
830975
169412
530550
674834
212555
42933
321824
231777
115477
984527
6272
956333
936636
293391
930389
410234
526747
533774
696271
55782
979135
517177
214257
458592
150953
551962
250309
648598
145364
650876
56965
474309
397216
242985
255050
314305
4477
44274
518680
64625
293541
206071
927131
231244
76216
304648
231818
357526
339017
872048
718230
912082
420763
525082
873369
100118
924373
308836
666927
274107
713352
794141
590517
29992
856798
281780
623499
806898
550701
328021
220248
431629
941238
79300
1386
532755
270681
389930
89688
638001
286183
274999
856402
532816
311241
244287
690956
67908
970495
340952
100655
14259
54004
878162
729486
728067
291111
832074
698389
83536
435294
394183
413511
574244
781315
355075
71820
958258
527089
280144
208554
331113
905962
800795
850451
340784
109323
665545
100722
557647
555984
607567
962286
620228
727618
34958
82435
800733
663884
745377
185420
860160
415417
489200
773159
131703
127738
376687
971763
763077
357801
121932
990419
278661
214551
500008
69799
306848
879096
580324
543613
774619
650218
776491
412356
997651
753468
634175
228916
595250
523134
612161
411569
53789
2832
674864
604345
755743
148205
212456
10114
919852
285563
195313
723829
152919
71728
833028
750848
298777
660150
475027
533364
685538
391841
768447
386051
379075
230260
514728
82102
688242
297362
351254
178948
451257
128384
592744
831178
348627
557375
944977
618845
781170
726404
47132
604404
63570
506643
171890
62805
365364
508630
109900
481153
956364
454582
394024
796711
39659
961318
11522
834348
835253
890864
756895
703242
169756
976823
922165
136431
114530
172828
596789
561558
943405
503764
640004
124002
386636
290583
39285
669681
907142
788456
367096
369468
595084
437840
206904
419992
93106
134521
530991
102731
486971
182103
495423
404924
898172
518278
319172
988859
202650
714131
171665
707293
715660
613739
644449
38553
550723
343235
67426
375090
448592
891098
350026
306669
830963
649620
588638
921117
712050
833191
169980
135010
242244
726699
152031
206320
401817
613973
520827
613019
90105
937387
974209
352274
461302
7141
263536
275643
286784
532624
487907
142543
920398
426377
339827
21776
757901
87518
22008
560215
811876
767785
512575
165899
569813
384809
660452
253108
291976
131527
382784
712456
864092
283538
741748
110563
66360
905366
101161
101782
267590
646575
398738
359474
545566
31342
260700
57529
438374
750137
852175
755470
708122
9699
102742
35632
513759
165722
209945
585592
739934
89678
415595
823124
881466
655981
300490
804634
817438
878623
747228
631866
509626
148752
330844
740773
543043
414650
18475
817477
918178
900405
157034
838260
628112
740252
588174
567760
817666
435085
218156
26517
813509
43289
436887
497250
817198
475517
885732
350448
585560
699789
625921
680084
363803
51435
968446
912923
573531
104124
808478
312073
651296
65941
905307
247138
799462
361218
139774
469211
376370
622615
808995
482961
51876
995574
918069
202691
20760
977051
954207
372710
998646
260107
775941
315110
787100
589389
391875
916570
200477
867469
925109
790761
50594
812607
636383
476362
39254
361295
868813
180776
135397
255547
60210
45314
788400
1642
964277
996693
953243
739734
794075
918372
323577
875466
30307
777205
256029
587163
20620
628266
409837
151054
179300
364073
134397
714567
872014
356622
510043
819458
348311
558475
922059
410672
142148
128533
431105
401337
374485
586380
80313
731045
809370
360554
963823
816871
231262
496804
741843
612982
836495
403352
525638
96481
905269
60829
259262
360271
67374
261577
116323
585884
980072
172391
382954
970185
373579
158068
82449
364777
333380
79401
257581
653453
424117
108068
478598
770735
892732
10586
338173
390754
794570
106066
842892
884494
969945
505084
696044
515950
163434
397241
930981
983516
768080
972514
596588
469346
293970
860241
772412
526680
29265
410645
900490
836139
547636
591797
142683
841319
603701
733166
488130
988768
431093
722949
802447
288940
388452
197124
787508
304860
23490
977276
321034
290936
941490
234481
343655
731146
410237
808827
582450
424023
16822
841102
617645
965416
466541
343438
994153
353430
38422
9569
971721
89920
636936
29210
930050
342288
619334
216796
550778
817834
745649
393140
645385
215319
865283
882232
713909
864773
404554
159627
184581
892482
949674
871989
19378
385993
112632
510620
652470
291967
478120
735188
598336
711839
877308
499689
756082
413896
725884
596288
118028
616387
789650
403718
657972
475785
53996
823889
354916
672793
751996
634340
122704
214486
33485
355890
381748
402186
115106
291631
718048
50506
559431
181207
112070
229594
982006
127685
690427
602391
183186
778534
649169
15624
249941
119720
572162
989187
794852
251321
377730
447398
237111
659485
247054
981493
679446
319134
132920
420867
51365
250079
583796
302751
126117
797298
75248
285305
239494
976856
846492
955741
431129
961323
544489
974078
365259
23801
977466
480003
900600
291490
680255
246867
772610
584928
57290
625742
316091
917926
994287
9355
891053
593711
338699
21676
857950
294316
250347
439864
536738
156502
751279
548090
133155
244830
753077
9696
225219
809169
685214
747951
970788
669867
852726
722866
464603
811922
191186
31917
945877
845480
345525
290560
518205
535551
172055
146802
365091
420069
942508
929936
842839
794177
449774
967479
958687
523037
575524
182479
243312
377818
999331
216692
988240
310005
806847
599652
57492
275815
848842
168267
356881
480775
23385
884742
974967
640123
389378
898173
551365
295089
818073
634946
977553
101578
504574
47362
780679
265284
598766
909807
458571
209006
820776
961808
556493
569458
791622
423064
370794
136048
234336
631283
969275
607824
754964
297672
872766
571901
330898
772232
698218
447017
974482
641328
597168
972538
787825
335993
194514
322454
161071
637925
906892
339537
338902
945739
870693
338518
568963
803704
533131
548809
657430
492073
280368
697965
721067
526620
220391
482384
89841
89786
733926
397146
146855
620593
61272
907380
259053
619644
305656
680914
662387
979841
493538
775817
17787
918842
87671
594249
547674
746493
932518
468548
778578
