225595
817759
456259
714382
712702
378231
710410
709753
235402
999048
147345
717309
40686
966371
717542
898810
626850
197147
84372
167484
622209
120549
310938
924125
394635
769102
71656
58324
478313
274178
961215
806445
664521
381444
513733
316116
731197
463245
248717
690361
803524
813894
118264
585140
221906
833693
823597
498913
685932
848437
409502
69029
641762
593096
234230
361899
562742
353511
86553
271036
658336
200384
215398
888637
858799
154707
944874
429278
681062
358883
518290
369380
561752
149304
81640
329943
988514
245316
35823
567548
908025
904841
44880
93800
290439
607939
490971
341558
752887
2703
933417
385708
162771
710752
820407
490310
571838
786016
494659
113466
993994
144112
508531
609121
485275
471796
305758
544903
418040
871094
758716
380582
896992
944595
358614
487266
93222
864289
754883
194882
82044
73525
59877
219318
394084
55818
655126
237829
65671
341123
495731
935573
506786
144086
10040
433837
69945
698214
555435
118876
791341
110173
931520
263457
342340
116482
489856
494652
724832
732058
166178
988481
820562
44431
646668
245713
216342
342091
224300
757632
834172
8992
662806
45874
178044
970557
560933
525209
472300
551593
354049
815753
945658
721457
768207
927432
127807
444872
682471
660736
441721
362578
672243
381517
313904
393123
117546
556093
882
850573
585288
343934
651281
208556
41300
261699
429726
833459
862217
747190
479064
738086
941592
799120
480329
973147
188473
708259
38618
148070
98058
901091
671803
268914
279607
717129
885726
91864
415398
882425
454839
151217
290338
338889
239853
470816
761481
558499
777107
975298
397467
228936
708298
376660
66117
919976
227846
751151
664261
148714
589772
834275
143130
286357
992428
389627
798745
369630
999533
245351
316421
501168
652191
360964
990836
465127
621091
116568
731517
43602
242457
354036
476722
314490
178799
420970
979461
604734
993192
147744
889461
30517
629332
163662
297335
539000
599145
65458
436181
956289
880914
96394
401933
610531
846009
545199
711197
225158
524418
928900
217979
116028
873687
896424
833619
315983
394084
127788
849235
812651
352845
157487
244072
429920
234178
863627
185983
566068
176751
924246
595268
252046
306299
543151
674543
52950
58554
177114
692246
627451
117813
982907
39133
712854
726083
575473
271433
776483
851067
476446
210369
337192
314317
675745
148987
773796
619635
266636
161017
857476
540106
876845
338161
982758
30445
453142
799118
51942
633358
28013
181674
16629
878204
234387
630402
794506
480474
130610
69029
469988
981158
923419
402441
802784
892744
12724
356364
409191
369220
265958
216604
525504
308878
183913
875913
357553
591813
129295
274294
791141
88210
276083
978550
760393
601906
342456
123678
108477
674287
30264
352814
150699
515767
191336
462323
659448
105147
202085
72019
671600
830175
101128
807352
645698
725473
654697
407066
891323
794465
658939
763962
715466
794223
853470
132258
130395
643755
282550
915234
772796
238521
294576
17688
796003
733498
467292
924638
877235
220513
543476
592600
666976
460310
582536
781529
546092
823431
980290
526422
988568
730933
403513
920046
739671
139968
489096
374952
433448
923994
427325
686164
650251
462446
873313
692590
844459
464630
39871
525349
989518
734515
56743
486472
551666
460827
984136
521361
235988
886506
283755
445150
518201
410916
346639
557059
6409
670122
533731
436211
243673
159150
532019
350608
51234
226132
40093
17454
619244
375867
694738
172859
61346
718946
999606
514513
667873
493438
644384
938031
777712
276658
22462
506900
167185
155250
618541
713146
324009
333065
945062
116162
533807
550252
939743
505974
890128
808634
468076
877964
696762
598209
991328
298771
381268
855728
906588
125856
350016
37317
884195
171439
81809
534433
71611
122938
578352
736398
150185
985517
461613
26859
440693
118219
385035
542619
284017
552752
763870
523815
607942
936612
252506
122844
651167
116235
548087
130804
373785
698369
938875
864109
566509
7581
245762
364936
97284
639215
165284
272741
654832
602594
711445
754153
798196
573345
638585
683798
893726
103127
164819
611710
175421
692423
856225
116581
810794
127590
904407
221173
539956
70247
2516
143831
235820
309922
922077
79106
247074
141310
163953
966027
24684
543460
412708
156012
677016
802051
827418
332077
34670
704837
849345
426067
139171
197500
812555
912948
544420
130879
873359
355363
548629
716548
299753
808630
397153
847185
450569
353037
61274
81832
595266
690087
79490
845495
970074
885141
533179
81812
302554
809996
695899
84077
493790
844372
440392
148332
323045
988978
918759
67935
323449
656072
659777
895351
76689
866852
147885
552863
807217
513666
132910
110158
285319
236867
400605
48808
745788
505274
547866
31521
505007
910992
259552
958944
470939
604703
307937
479552
902023
36170
845168
845412
665467
384542
494693
685758
45683
363981
85832
605046
379885
336290
620916
226661
275398
104219
846539
162219
448121
367473
100250
59019
746147
771593
304748
36076
653587
297315
101255
48495
905941
965232
485349
11523
283307
901905
183591
725030
714588
811160
149845
787844
313818
82740
892007
517417
351343
133394
201548
90358
251660
616180
348033
379613
222555
193563
372057
811544
944117
204328
851427
26716
732893
98918
278676
978991
196627
870506
659874
285404
359439
969906
186747
648913
785949
507981
571583
949340
333669
794662
252895
991991
443259
832804
440331
988086
876274
635387
254921
980517
126909
246209
861385
497746
86372
860490
701973
977369
988438
544399
584382
22900
694968
887670
704194
896610
28089
624961
851064
235993
740506
328537
801162
43467
465195
314358
825756
739404
529118
803061
169343
777225
136471
50436
777891
475913
443217
179852
229090
928774
872386
55364
645038
594474
522706
549766
950165
324449
138521
368913
783729
317251
439840
942838
2290
887950
185761
947157
970933
520953
70138
569021
115469
961367
194300
849637
877159
147422
934783
131669
448522
923491
489934
892994
341103
447980
904741
628399
964223
627067
564537
526364
242173
624723
154450
600451
991177
949645
412004
604560
25846
75765
680139
152045
891497
102465
593671
291851
66637
570242
187207
118308
996172
7211
74795
680301
392933
320383
86130
987423
497379
714816
813213
410872
566951
407910
54155
839157
892222
900887
139946
104863
464882
335120
822384
349000
603887
924565
99610
283688
686383
893960
632178
988764
316919
338244
568448
691547
765668
701851
393928
89347
284807
207598
120712
767055
958417
98067
951072
303825
371062
349457
563645
324867
421300
703041
976939
173605
232513
88585
110071
896527
326815
233129
48548
73870
403094
13109
873058
397738
522485
679071
490465
603486
219996
762312
468656
350760
967111
836167
367183
457109
291022
279291
892835
234067
422489
201200
917148
750685
934158
354508
62976
903172
833954
753048
760395
460051
67586
48877
114854
670561
620190
141894
241066
172474
604183
552287
496935
425906
724881
379725
594228
890328
969218
639541
430611
59946
337197
434607
666756
403535
939902
967603
648482
514037
802937
406808
644814
