0 6
1 71
1 15
2 3
3 26
3 52
3 79
3 67
7 58
8 22
8 3
9 95
9 76
9 14
10 94
10 99
11 73
13 70
13 50
15 71
17 22
18 54
18 38
19 26
20 11
20 51
21 21
22 92
22 38
22 86
25 64
26 75
26 89
27 62
27 77
29 3
30 33
30 67
30 76
31 85
32 37
33 4
33 49
34 64
36 49
39 100
39 72
39 41
40 49
47 32
47 5
47 53
48 44
52 64
53 90
56 42
56 84
56 42
57 19
58 93
58 67
59 91
63 5
63 50
63 64
69 18
70 6
70 93
70 88
72 24
73 98
76 99
78 17
80 35
80 10
81 26
82 77
82 72
83 7
85 68
87 45
87 21
87 75
90 53
91 73
93 93
95 6
96 66
96 47
96 8
98 48
98 12
98 58
99 86
99 55
99 79
101 81
101 52
103 74
103 54
104 50
106 75
107 30
107 11
107 26
108 33
109 22
109 42
112 51
113 95
113 51
113 88
114 38
114 14
115 82
115 60
118 80
119 50
119 83
121 48
121 22
121 51
122 93
124 30
125 35
126 69
126 66
127 93
129 82
129 78
129 81
129 86
130 45
130 39
130 13
130 83
131 82
131 15
132 83
132 47
133 56
135 86
136 78
137 28
138 50
139 73
140 20
146 14
148 89
150 95
151 47
154 33
155 100
155 56
158 18
158 66
159 64
159 89
160 35
160 37
161 79
161 3
161 42
163 54
164 91
164 62
165 25
166 31
167 98
170 59
170 18
171 33
171 61
172 42
173 60
174 48
175 34
175 71
179 74
180 85
181 83
183 17
184 94
185 22
189 90
190 95
191 15
191 50
192 14
193 10
195 9
195 51
196 40
197 77
198 28
200 29
201 89
202 57
203 4
203 24
203 26
206 24
209 11
210 19
212 23
212 60
213 27
214 20
214 30
216 64
216 8
217 21
217 17
217 61
218 88
219 88
220 47
221 27
222 17
225 39
225 78
227 5
228 51
228 93
229 3
230 53
231 92
231 9
232 31
235 5
236 35
237 3
238 81
238 6
239 85
240 28
240 99
241 2
242 30
243 56
244 47
245 59
246 55
247 37
247 72
249 86
250 37
250 61
253 65
254 89
254 81
254 85
255 90
255 94
255 9
255 79
257 44
259 77
260 30
263 63
265 86
265 20
266 14
267 54
268 87
270 88
270 98
273 73
274 87
274 19
274 31
275 14
276 55
277 96
278 51
279 69
280 79
280 81
280 89
280 73
281 25
281 32
282 82
282 85
283 23
283 27
284 42
284 52
286 39
287 37
287 9
290 13
291 71
292 19
295 53
296 54
297 100
297 41
297 56
298 26
298 74
299 85
299 47
300 90
301 5
301 19
301 38
301 56
302 75
304 74
305 74
305 38
305 95
306 40
306 66
307 2
311 22
311 61
311 15
311 3
313 95
314 26
315 21
319 45
320 64
322 58
323 36
323 17
324 87
324 62
324 27
325 93
329 63
329 91
330 66
330 90
332 5
334 45
335 4
335 34
335 37
337 35
339 90
339 63
340 61
341 50
344 10
344 12
345 40
345 14
346 21
347 92
347 18
348 87
348 33
350 8
350 84
350 22
350 45
350 81
350 68
351 91
351 7
351 92
354 53
354 27
354 38
354 1
355 91
355 64
355 31
357 54
357 28
359 64
359 13
361 19
362 74
362 82
364 2
364 62
368 79
370 12
371 63
371 77
374 25
375 52
377 14
378 5
379 52
380 43
380 95
380 66
382 16
382 59
382 86
385 24
386 20
386 90
389 20
391 94
391 100
394 60
396 31
397 100
398 83
398 47
400 26
400 25
401 16
402 43
403 70
403 67
404 66
406 60
407 83
409 96
411 25
411 75
411 45
412 80
412 22
412 53
413 94
414 28
414 88
417 59
418 21
422 41
422 70
423 84
426 62
427 87
429 82
431 97
432 12
432 27
433 87
433 6
434 69
434 76
434 89
434 40
437 40
437 29
439 91
439 30
440 18
440 57
441 84
442 2
442 8
443 28
444 28
444 37
447 38
447 69
448 46
448 76
449 40
449 51
450 42
451 94
452 38
452 18
452 69
453 65
453 93
454 68
454 43
454 94
455 37
455 17
457 38
457 94
457 32
458 100
458 49
459 54
460 65
461 31
461 46
461 36
462 82
463 73
463 29
464 1
466 26
467 90
467 30
468 22
468 21
469 52
469 70
470 64
471 56
471 27
471 72
471 54
472 64
472 99
472 29
473 20
474 34
474 91
475 63
475 11
475 13
476 10
477 51
478 15
479 100
479 82
480 39
480 77
482 59
482 84
483 91
483 32
484 94
485 15
486 68
487 75
488 26
490 12
491 44
493 46
493 31
495 18
496 50
496 60
496 62
497 76
497 44
499 66
499 53
502 91
502 73
502 2
503 60
504 76
504 92
507 40
507 52
507 65
508 3
509 50
510 60
510 54
510 21
511 29
513 90
515 62
516 75
516 75
517 40
517 4
519 26
521 72
521 9
524 27
524 38
525 77
525 89
525 65
526 77
526 79
528 95
528 97
528 40
530 70
532 70
532 90
533 94
534 31
535 24
535 86
535 34
536 58
537 44
539 82
539 38
540 85
541 4
543 50
545 41
545 70
547 80
549 35
549 23
550 68
553 82
556 91
556 44
557 4
558 87
559 48
560 41
562 92
562 90
564 58
564 43
565 80
565 44
566 43
566 89
566 7
568 31
568 14
569 45
570 6
570 22
571 56
572 68
573 22
574 18
577 34
579 1
579 60
579 12
579 19
579 96
580 66
585 34
586 59
586 45
587 98
587 12
588 29
589 90
589 86
591 100
591 35
591 91
591 17
592 44
593 3
594 74
594 95
595 73
596 76
597 10
598 10
599 26
602 69
602 20
610 85
610 1
613 92
615 69
615 14
615 94
616 46
618 56
618 42
619 89
621 87
622 14
623 42
625 34
626 21
626 80
627 33
627 22
628 57
629 24
629 74
629 73
630 9
631 30
632 38
632 21
632 62
633 88
633 68
634 34
634 29
634 28
634 36
635 42
637 98
638 66
639 26
640 70
641 48
641 77
642 32
643 74
643 36
644 100
646 11
649 52
649 16
650 59
650 72
651 80
657 96
658 65
658 5
658 27
659 77
662 88
662 97
663 77
664 46
665 44
665 3
666 17
666 84
668 84
669 36
670 21
671 8
672 86
672 28
672 86
673 2
674 62
675 37
677 69
678 84
680 46
681 31
682 16
683 22
683 18
684 34
685 49
686 14
686 82
690 33
692 4
693 7
693 11
694 49
695 54
701 93
701 23
701 64
702 64
702 26
704 40
706 90
707 47
710 79
710 22
712 95
713 75
714 15
716 75
718 65
719 44
720 35
721 51
722 44
724 65
725 50
726 43
727 33
727 5
728 35
728 9
731 86
732 23
732 69
733 46
734 36
734 69
735 84
735 54
737 72
738 81
738 85
738 82
739 53
743 70
746 94
747 58
747 85
749 99
751 17
751 71
752 7
754 18
754 60
756 35
757 85
757 83
758 26
759 37
759 17
759 71
759 46
762 91
764 98
764 10
766 80
766 53
768 25
768 40
769 78
771 64
774 57
774 100
775 32
777 51
778 100
778 99
778 27
779 29
779 36
780 82
781 12
783 53
783 90
783 36
784 69
784 14
786 49
786 87
787 59
787 41
787 39
788 36
790 17
790 34
792 73
793 30
794 59
794 81
795 56
796 67
796 25
796 16
798 38
798 23
799 74
799 75
800 80
802 16
802 92
802 23
804 69
805 29
805 50
806 58
806 72
806 74
807 6
813 54
814 7
814 69
814 48
814 19
816 74
816 84
817 17
819 83
819 65
819 84
820 57
822 23
822 56
822 67
823 94
824 43
825 72
826 36
827 15
828 66
829 51
829 73
834 75
834 52
835 2
836 53
837 94
837 93
839 22
839 29
840 42
841 19
843 56
843 91
844 75
845 56
846 39
847 56
847 5
847 21
847 5
849 22
849 44
850 23
850 49
851 2
851 39
853 8
853 33
855 7
857 32
857 92
858 81
858 68
862 93
863 22
864 12
867 43
867 84
868 47
869 14
869 2
870 54
870 37
870 76
871 3
871 55
872 74
874 85
874 93
877 90
878 85
880 58
881 31
881 100
882 12
883 43
884 9
884 79
886 79
889 89
890 45
890 30
890 64
893 57
898 9
899 72
899 90
899 67
901 64
901 65
902 66
902 3
902 80
903 90
904 32
905 3
905 76
906 57
906 44
908 28
908 11
908 11
909 42
909 74
909 87
910 52
910 18
910 74
911 58
913 50
915 87
919 62
919 36
922 91
922 43
923 70
925 7
926 71
926 99
926 76
927 60
927 72
931 43
934 13
934 98
934 97
934 7
935 92
935 89
935 10
935 41
936 82
937 3
939 87
943 18
943 46
944 83
946 57
947 84
947 68
948 5
951 35
952 85
953 46
954 96
954 71
954 80
954 14
954 13
955 49
955 36
955 65
955 58
956 10
957 52
959 59
959 61
959 87
960 43
960 36
961 62
962 88
963 35
963 62
964 97
965 95
965 52
965 60
965 19
967 9
967 49
969 85
970 41
974 13
974 25
975 37
979 79
979 73
981 4
982 46
983 92
986 27
987 73
987 27
987 63
988 52
988 32
990 48
993 29
993 7
994 22
994 19
995 82
997 81
999 50
999 14
999 64
999 49
1000 50
1001 90
1002 76
1002 57
1004 7
1005 23
1006 9
1007 75
1010 81
1010 41
1013 66
1013 82
1017 7
1019 50
1020 35
1021 13
1025 17
1025 11
1027 11
1028 34
1028 93
1029 23
1030 16
1030 26
1031 95
1031 58
1032 1
1033 75
1033 14
1033 23
1034 63
1035 87
1036 80
1038 75
1038 96
1040 19
1044 59
1045 11
1045 69
1045 98
1048 79
1049 44
1051 13
1051 22
1052 18
1052 69
1053 76
1056 97
1059 91
1060 25
1062 28
1066 89
1066 53
1066 26
1066 100
1068 1
1068 10
1068 91
1070 83
1070 24
1071 22
1072 62
1074 20
1074 38
1075 5
1075 69
1078 26
1078 35
1079 64
1081 27
1081 71
1082 3
1082 89
1082 94
1086 68
1087 72
1089 34
1090 42
1091 61
1093 50
1093 99
1094 72
1095 96
1096 57
1096 76
1096 61
1097 29
1099 5
1099 2
1101 71
1104 92
1105 67
1105 12
1106 85
1106 50
1107 18
1109 28
1109 53
1111 46
1112 74
1112 65
1113 62
1113 22
1114 16
1116 45
1116 5
1117 30
1118 30
1118 66
1119 58
1121 57
1125 27
1126 16
1127 46
1128 2
1131 88
1131 67
1132 42
1133 90
1133 94
1134 71
1134 53
1136 20
1137 68
1138 5
1140 31
1141 18
1142 73
1144 1
1144 100
1145 53
1147 68
1150 82
1150 16
1150 60
1151 43
1152 46
1153 33
1156 11
1157 76
1158 10
1158 90
1160 55
1161 37
1161 47
1162 60
1163 87
1174 80
1176 64
1176 74
1177 4
1178 31
1179 73
1180 87
1180 6
1181 90
1181 31
1182 70
1182 6
1182 13
1183 76
1183 58
1184 56
1184 29
1186 34
1188 53
1188 64
1190 8
1190 12
1190 35
1190 46
1192 19
1192 44
1194 68
1195 82
1196 11
1197 74
1198 39
1199 74
1199 77
1199 98
1200 92
1200 67
1202 91
1204 73
1205 47
1205 23
1207 92
1207 88
1208 99
1209 74
1212 53
1213 92
1213 43
1213 82
1214 8
1215 50
1216 63
1217 67
1217 56
1217 59
1217 20
1219 97
1220 9
1221 34
1224 64
1225 49
1226 71
1226 50
1227 83
1228 20
1228 68
1230 72
1232 7
1233 70
1233 35
1234 62
1234 78
1235 54
1235 98
1236 28
1237 42
1238 57
1239 12
1240 43
1241 85
1244 66
1244 40
1246 72
1246 56
1246 39
1246 20
1247 87
1252 74
1252 29
1253 40
1254 86
1254 14
1255 76
1256 58
1257 80
1259 12
1260 16
1260 41
1261 24
1261 100
1262 21
1262 68
1263 7
1264 41
1264 63
1265 12
1267 51
1268 50
1269 6
1270 22
1271 58
1271 63
1272 33
1273 83
1274 76
1274 84
1274 98
1275 47
1276 21
1276 54
1278 30
1278 49
1279 32
1281 64
1283 40
1283 76
1285 47
1286 29
1286 60
1290 52
1290 5
1290 10
1292 15
1293 84
1293 30
1293 81
1294 38
1294 24
1294 91
1296 50
1296 41
1300 49
1301 39
1302 41
1302 22
1302 24
1304 65
1304 28
1304 40
1305 18
1308 69
1308 31
1308 21
1308 33
1309 65
1310 58
1311 76
1311 44
1313 84
1315 47
1317 83
1318 44
1319 1
1321 91
1321 20
1322 24
1322 77
1324 65
1324 2
1325 85
1325 86
1327 67
1330 21
1330 27
1331 15
1331 2
1332 68
1333 6
1334 19
1335 36
1336 5
1336 88
1339 91
1340 36
1342 96
1342 56
1345 80
1346 75
1346 21
1347 8
1347 72
1348 97
1349 73
1349 8
1350 7
1352 24
1355 16
1355 82
1355 92
1356 57
1357 16
1359 58
1359 77
1360 79
1360 86
1364 15
1366 17
1367 44
1368 89
1372 47
1373 64
1373 89
1374 50
1375 98
1377 43
1377 88
1377 82
1379 83
1379 11
1379 59
1380 28
1380 82
1381 41
1381 73
1382 96
1382 56
1384 18
1385 53
1385 78
1385 94
1387 58
1387 17
1387 92
1389 90
1389 19
1390 77
1390 72
1390 25
1390 83
1390 32
1390 41
1392 2
1392 78
1396 31
1397 17
1397 19
1398 46
1400 98
1400 19
1401 52
1401 25
1403 79
1403 33
1407 98
1408 35
1410 30
1411 100
1413 12
1417 85
1418 51
1418 98
1418 41
1420 43
1421 58
1422 40
1423 43
1423 50
1424 32
1424 100
1426 39
1426 61
1430 68
1431 72
1432 98
1432 41
1433 74
1434 35
1437 39
1437 40
1438 8
1438 26
1438 98
1438 28
1441 25
1442 60
1443 45
1443 18
1445 87
1445 88
1445 12
1447 59
1448 85
1448 41
1448 50
1449 80
1450 62
1450 16
1450 45
1451 58
1452 12
1454 60
1457 91
1457 85
1457 79
1458 14
1461 48
1462 3
1463 10
1465 52
1467 80
1468 72
1469 35
1471 35
1474 15
1474 37
1474 88
1474 48
1475 98
1476 37
1476 58
1476 89
1476 20
1478 54
1479 19
1479 65
1480 99
1480 72
1482 90
1484 12
1485 28
1487 69
1487 8
1488 74
1490 12
1491 95
1491 56
1495 93
1495 7
1496 14
1498 82
1498 4
1499 63
1499 24
1504 58
1505 62
1505 55
1505 58
1505 54
1508 23
1508 46
1511 8
1511 77
1512 79
1512 3
1512 22
1512 48
1512 95
1513 94
1514 83
1514 92
1515 8
1515 47
1517 5
1518 78
1520 35
1522 62
1523 51
1526 68
1526 1
1527 35
1527 84
1527 5
1529 75
1529 46
1529 42
1529 39
1529 77
1531 92
1532 34
1533 58
1534 78
1534 16
1535 18
1535 97
1537 27
1540 55
1541 62
1541 49
1542 72
1542 26
1543 94
1543 71
1544 54
1546 52
1547 64
1548 15
1549 71
1549 73
1550 68
1554 14
1556 94
1556 42
1556 61
1556 9
1556 20
1557 1
1559 28
1559 27
1560 91
1560 62
1561 67
1563 73
1564 11
1564 9
1564 37
1565 11
1567 73
1567 27
1568 92
1568 21
1573 82
1573 75
1573 9
1574 22
1574 34
1574 88
1575 19
1577 81
1577 89
1577 36
1578 83
1580 47
1580 49
1580 5
1582 43
1582 14
1582 61
1583 21
1585 92
1587 80
1587 96
1587 18
1589 87
1590 82
1590 15
1591 6
1592 11
1593 100
1593 41
1593 51
1596 76
1597 63
1597 56
1597 13
1598 64
1599 54
1599 53
1601 14
1602 62
1603 12
1603 32
1605 22
1607 83
1608 38
1609 66
1609 100
1609 60
1610 29
1612 84
1612 31
1613 74
1613 17
1615 63
1615 79
1615 98
1615 93
1617 40
1619 20
1619 62
1626 58
1626 31
1627 74
1628 21
1630 38
1632 22
1632 65
1633 86
1635 60
1636 72
1636 49
1637 57
1637 58
1638 32
1641 51
1642 68
1642 49
1642 63
1644 27
1644 48
1645 44
1647 72
1648 32
1648 16
1649 97
1650 98
1651 5
1651 25
1651 64
1652 11
1653 96
1653 20
1655 82
1656 96
1656 94
1659 42
1659 88
1661 49
1661 4
1662 29
1663 85
1664 86
1664 50
1664 39
1667 8
1667 67
1667 55
1668 64
1668 85
1670 12
1671 98
1674 70
1674 89
1674 25
1676 63
1676 6
1676 85
1678 58
1678 41
1679 1
1679 48
1680 73
1681 8
1681 71
1681 95
1684 14
1684 98
1684 78
1684 26
1685 42
1686 14
1687 85
1687 75
1687 43
1687 64
1689 89
1689 100
1689 65
1691 97
1692 82
1693 62
1693 97
1694 88
1694 95
1695 54
1695 21
1695 50
1697 8
1697 96
1702 28
1704 21
1706 16
1706 10
1707 7
1708 68
1708 21
1709 48
1709 57
1710 34
1711 76
1712 99
1714 96
1714 20
1715 71
1720 81
1721 28
1721 48
1722 85
1725 3
1725 27
1727 13
1727 47
1729 22
1732 72
1732 90
1732 10
1734 26
1734 18
1735 63
1735 14
1736 3
1737 59
1737 70
1739 65
1739 99
1739 9
1741 66
1742 84
1743 16
1744 77
1744 67
1744 63
1745 80
1745 9
1746 87
1748 6
1750 21
1750 14
1751 100
1751 8
1752 81
1753 34
1754 15
1754 26
1754 24
1755 21
1755 68
1756 22
1756 74
1757 11
1758 79
1759 22
1759 95
1760 7
1761 39
1764 69
1765 16
1768 68
1768 46
1771 81
1771 4
1772 2
1772 24
1772 4
1772 40
1773 87
1773 85
1776 5
1776 36
1779 19
1781 76
1782 100
1782 27
1783 28
1784 4
1784 3
1784 86
1785 48
1786 97
1787 59
1787 21
1789 6
1791 18
1792 2
1792 14
1792 24
1793 4
1794 22
1794 31
1795 17
1795 28
1796 85
1796 41
1796 36
1798 48
1798 53
1801 20
1801 67
1806 32
1807 96
1809 49
1810 36
1812 83
1814 9
1815 16
1816 47
1817 57
1818 61
1818 67
1820 91
1821 53
1821 75
1821 80
1823 17
1825 22
1827 11
1827 13
1829 81
1831 19
1831 51
1832 26
1833 83
1833 3
1836 92
1837 45
1837 67
1837 55
1838 29
1838 80
1841 51
1842 20
1843 9
1843 16
1846 19
1846 17
1847 94
1849 25
1853 33
1855 20
1856 46
1858 75
1859 5
1860 27
1862 69
1862 78
1863 7
1865 11
1866 70
1866 86
1867 50
1867 87
1872 4
1873 5
1875 8
1875 95
1878 86
1878 93
1878 96
1878 85
1878 79
1882 50
1882 33
1884 39
1885 84
1886 68
1886 44
1887 67
1887 22
1888 94
1889 50
1889 11
1889 3
1890 49
1890 39
1891 68
1891 50
1892 78
1892 8
1892 62
1894 69
1895 76
1896 26
1896 69
1899 15
1900 34
1900 27
1901 84
1905 12
1906 95
1907 67
1908 6
1908 42
1909 51
1910 76
1911 49
1915 97
1915 43
1916 69
1917 36
1918 83
1920 100
1920 15
1920 80
1923 68
1924 55
1925 37
1927 1
1929 3
1930 25
1932 91
1936 66
1936 67
1938 45
1939 17
1939 41
1941 35
1943 45
1943 90
1944 82
1945 44
1947 95
1948 19
1950 72
1951 76
1951 74
1953 65
1954 21
1955 38
1955 98
1955 90
1955 30
1955 46
1958 95
1961 86
1961 65
1963 65
1964 36
1968 89
1968 95
1968 57
1968 91
1970 69
1971 89
1971 42
1972 17
1974 43
1975 91
1976 70
1976 15
1976 5
1977 9
1977 91
1979 93
1981 35
1982 54
1983 31
1983 86
1983 72
1984 58
1984 50
1984 63
1984 57
1987 78
1987 11
1988 2
1989 60
1991 44
1992 28
1992 40
1992 44
1994 15
1995 25
1995 47
1995 96
1996 46
1996 89
1999 40
1999 9
2002 24
2002 27
2002 16
2004 71
2004 83
2005 28
2005 78
2008 89
2010 86
2011 99
2013 42
2013 26
2013 35
2014 7
2017 65
2021 34
2021 22
2025 18
2025 68
2027 13
2027 68
2028 83
2029 75
2033 33
2034 23
2037 51
2038 74
2038 77
2042 89
2042 88
2043 59
2043 59
2043 87
2044 27
2045 51
2046 11
2047 60
2047 87
2050 62
2052 21
2052 63
2055 48
2057 26
2059 90
2061 55
2062 93
2062 60
2063 19
2065 85
2066 77
2067 98
2067 1
2067 15
2068 24
2069 74
2069 19
2070 39
2072 41
2073 73
2074 21
2074 58
2075 67
2076 52
2077 5
2079 6
2079 66
2080 87
2081 11
2081 64
2081 60
2085 75
2086 6
2087 88
2088 59
2089 3
2089 24
2090 4
2091 12
2091 18
2091 25
2092 19
2092 69
2092 1
2093 62
2093 62
2094 47
2095 65
2095 89
2096 29
2096 9
2097 24
2100 55
2100 37
2100 73
2103 55
2103 65
2105 16
2105 36
2106 56
2109 78
2110 92
2110 65
2110 70
2112 89
2112 30
2112 42
2116 89
2117 5
2119 25
2120 52
2120 60
2120 29
2120 60
2122 56
2122 57
2122 85
2122 30
2123 42
2124 98
2124 38
2124 13
2125 24
2125 63
2127 99
2128 21
2130 57
2131 40
2133 32
2135 90
2135 77
2137 69
2138 68
2139 90
2139 22
2139 75
2140 42
2143 30
2144 41
2145 3
2146 21
2146 31
2147 26
2147 54
2147 52
2148 98
2155 94
2155 76
2155 100
2157 69
2157 53
2157 28
2158 78
2159 12
2161 51
2162 91
2162 94
2163 53
2163 93
2163 40
2163 99
2164 34
2165 93
2165 32
2166 21
2166 91
2166 33
2167 98
2169 98
2170 42
2171 93
2172 61
2173 52
2175 82
2175 42
2175 84
2175 23
2176 55
2178 88
2179 17
2180 59
2180 74
2181 65
2182 85
2183 61
2184 67
2184 2
2185 93
2186 99
2187 63
2188 28
2188 33
2189 64
2190 27
2191 39
2192 31
2193 16
2194 19
2194 80
2197 43
2199 25
2199 42
2200 92
2200 5
2201 41
2201 34
2203 86
2204 23
2206 57
2206 84
2208 47
2209 64
2210 39
2212 31
2213 9
2213 28
2214 24
2215 59
2216 60
2217 60
2217 91
2218 74
2218 11
2218 44
2220 33
2220 57
2220 44
2229 94
2230 37
2233 63
2233 52
2236 75
2236 1
2236 78
2237 97
2240 50
2240 71
2240 16
2240 33
2242 45
2244 34
2245 78
2245 75
2246 19
2246 15
2247 53
2248 13
2249 41
2252 27
2254 49
2257 63
2257 6
2257 52
2258 59
2258 29
2259 83
2259 71
2260 31
2261 98
2261 1
2261 74
2262 99
2264 96
2264 75
2264 70
2266 93
2269 55
2269 22
2269 33
2269 61
2270 5
2270 54
2271 36
2272 79
2272 88
2274 44
2274 12
2276 52
2278 23
2278 52
2280 94
2280 8
2282 46
2285 89
2285 21
2285 79
2285 67
2288 46
2289 59
2291 13
2291 32
2292 33
2292 6
2293 67
2293 14
2294 38
2294 90
2294 41
2297 75
2297 27
2298 13
2298 69
2299 60
2299 64
2300 26
2304 34
2304 34
2305 1
2305 89
2305 66
2310 23
2311 76
2311 16
2312 98
2312 70
2313 68
2314 37
2314 54
2314 94
2315 55
2316 59
2316 33
2317 54
2319 21
2320 8
2322 33
2325 69
2326 94
2327 91
2328 24
2329 48
2330 75
2332 32
2333 35
2334 41
2335 30
2336 75
2336 42
2336 57
2336 66
2336 66
2336 31
2336 21
2338 82
2339 69
2340 44
2341 30
2342 1
2343 29
2343 22
2344 83
2344 85
2344 35
2345 40
2347 89
2348 53
2348 64
2349 96
2350 100
2350 32
2351 54
2351 34
2351 12
2354 95
2354 13
2356 53
2356 24
2356 59
2357 62
2357 35
2359 65
2359 37
2360 60
2363 14
2365 61
2365 83
2366 86
2369 66
2369 46
2370 50
2371 60
2371 81
2374 78
2375 30
2376 15
2376 76
2377 4
2379 4
2379 27
2380 3
2380 33
2381 49
2381 37
2383 18
2384 34
2384 99
2384 89
2385 2
2387 90
2387 82
2389 35
2390 36
2391 68
2392 48
2393 52
2394 55
2394 56
2396 82
2398 80
2399 16
2401 83
2402 38
2404 13
2405 7
2405 7
2406 33
2407 77
2407 27
2411 24
2411 39
2411 14
2411 6
2414 83
2415 90
2415 49
2415 40
2417 80
2417 18
2417 43
2418 98
2419 8
2421 20
2422 70
2422 29
2423 46
2427 24
2428 72
2429 99
2430 6
2435 71
2438 26
2439 58
2440 43
2442 6
2445 67
2448 13
2449 8
2450 27
2453 71
2454 39
2456 13
2456 26
2457 51
2457 70
2457 17
2457 83
2460 26
2461 53
2462 95
2462 52
2463 40
2467 84
2470 7
2470 10
2471 95
2471 19
2472 44
2472 59
2472 8
2473 97
2474 100
2475 5
2476 40
2476 75
2477 24
2479 37
2482 58
2482 91
2482 36
2482 82
2483 74
2484 24
2486 16
2487 100
2490 76
2491 52
2491 79
2491 60
2493 63
2496 56
2497 83
2499 20
2499 19
2500 93
2500 85
2502 71
2502 28
2502 13
2506 48
2507 59
2507 92
2507 24
2508 52
2509 75
2510 74
2511 44
2511 63
2512 11
2512 98
2513 8
2514 74
2515 86
2516 69
2516 20
2517 92
2517 33
2518 4
2519 83
2519 84
2521 56
2522 16
2522 29
2523 64
2523 78
2523 4
2523 54
2525 63
2528 88
2529 7
2530 64
2531 38
2533 4
2533 95
2537 8
2540 32
2541 5
2541 85
2542 88
2542 68
2542 54
2542 15
2543 78
2543 3
2545 99
2546 24
2547 46
2547 86
2548 43
2549 73
2551 17
2551 94
2552 82
2553 25
2554 50
2554 33
2555 40
2557 68
2558 36
2559 7
2559 43
2560 68
2561 14
2561 91
2562 10
2563 5
2566 6
2566 97
2569 13
2570 27
2573 94
2574 30
2575 14
2575 94
2577 65
2578 11
2578 48
2578 94
2579 19
2580 98
2580 84
2581 86
2581 34
2582 88
2584 34
2584 81
2586 57
2587 41
2588 96
2588 2
2590 18
2591 29
2592 6
2592 7
2592 68
2593 11
2595 55
2595 3
2595 22
2595 14
2597 61
2598 47
2598 50
2599 43
2599 54
2599 76
2600 20
2602 79
2603 28
2604 41
2606 3
2610 26
2610 5
2611 97
2612 31
2614 58
2614 82
2614 43
2615 36
2617 87
2618 10
2618 30
2620 7
2621 9
2621 27
2622 19
2623 51
2626 8
2627 92
2627 41
2627 60
2629 34
2629 19
2630 95
2632 92
2633 36
2633 18
2635 62
2635 62
2637 68
2638 23
2639 56
2641 36
2641 25
2642 90
2642 23
2645 42
2645 70
2645 74
2647 17
2648 47
2648 15
2649 99
2649 49
2650 40
2650 17
2650 27
2650 6
2651 14
2651 95
2651 53
2652 37
2653 68
2653 19
2654 54
2655 80
2657 100
2658 35
2658 100
2658 59
2658 21
2659 10
2660 19
2663 9
2668 82
2668 6
2669 58
2670 55
2671 23
2673 69
2675 17
2675 53
2675 20
2679 30
2680 92
2681 40
2683 58
2683 37
2683 76
2684 7
2684 73
2685 2
2687 69
2688 81
2690 41
2690 73
2690 97
2690 88
2690 96
2691 50
2691 49
2692 43
2694 71
2695 5
2696 50
2697 27
2697 39
2697 55
2697 100
2699 70
2700 94
2702 97
2705 14
2711 86
2713 8
2713 27
2714 51
2715 24
2715 82
2715 27
2715 73
2718 94
2718 3
2720 90
2720 46
2721 10
2721 62
2722 90
2725 88
2725 99
2727 5
2728 14
2730 5
2731 14
2733 48
2735 97
2735 1
2735 5
2736 96
2739 82
2740 59
2741 33
2742 25
2742 7
2743 36
2744 43
2745 29
2745 17
2745 47
2746 23
2746 11
2747 51
2747 76
2748 1
2748 21
2749 51
2750 4
2752 28
2752 28
2753 72
2754 53
2755 79
2755 67
2757 41
2757 70
2761 70
2761 99
2762 27
2762 29
2764 67
2764 72
2765 17
2766 31
2766 22
2768 66
2768 3
2768 64
2770 81
2770 38
2771 22
2775 82
2775 25
2775 88
2776 82
2777 21
2778 77
2779 30
2779 99
2780 49
2784 16
2785 82
2786 72
2786 23
2786 10
2786 76
2787 10
2789 16
2789 31
2789 42
2790 6
2790 11
2794 21
2794 70
2795 60
2795 58
2796 75
2797 25
2797 20
2797 78
2798 71
2798 82
2803 9
2803 30
2806 67
2807 64
2807 20
2807 68
2809 68
2809 25
2811 98
2812 55
2812 62
2813 42
2814 76
2814 59
2815 74
2815 8
2815 41
2818 82
2819 48
2820 43
2820 49
2820 14
2821 18
2821 7
2823 25
2823 52
2824 30
2825 6
2825 49
2826 79
2826 75
2827 89
2831 20
2831 55
2832 72
2833 20
2833 79
2834 37
2834 81
2835 52
2836 1
2839 75
2839 98
2840 6
2841 92
2841 89
2842 86
2842 33
2843 30
2845 60
2847 3
2847 55
2848 26
2848 80
2851 40
2851 62
2851 42
2855 15
2855 44
2856 51
2857 91
2857 1
2858 95
2858 39
2860 45
2860 1
2861 42
2861 17
2861 82
2862 95
2862 73
2863 40
2864 2
2864 40
2865 90
2867 5
2867 58
2868 40
2868 51
2869 73
2870 5
2871 56
2871 12
2872 69
2872 56
2872 22
2873 1
2878 2
2879 23
2882 8
2882 9
2884 47
2890 97
2890 2
2891 90
2891 41
2891 5
2892 76
2892 76
2893 39
2895 99
2895 45
2896 16
2896 44
2897 28
2897 32
2897 69
2899 97
2900 27
2900 69
2901 47
2901 49
2903 54
2904 80
2905 14
2906 99
2906 36
2907 51
2910 58
2910 96
2912 10
2913 87
2913 43
2913 54
2915 12
2916 1
2917 75
2921 92
2921 27
2923 25
2924 44
2924 5
2925 45
2926 53
2926 43
2928 40
2929 17
2931 67
2932 29
2932 82
2933 9
2934 71
2936 93
2937 82
2939 96
2939 26
2940 34
2941 1
2942 89
2944 59
2945 70
2946 91
2946 5
2946 94
2947 11
2949 44
2950 91
2951 92
2952 83
2953 67
2954 18
2954 49
2955 52
2956 59
2957 44
2957 54
2957 18
2958 62
2960 83
2960 37
2960 70
2962 63
2964 19
2964 15
2966 54
2967 23
2967 15
2968 52
2969 4
2970 71
2972 60
2975 9
2977 34
2977 53
2979 48
2980 28
2980 77
2980 18
2981 99
2982 68
2982 49
2983 63
2984 54
2984 72
2985 11
2986 85
2988 100
2989 9
2989 69
2990 57
2990 73
2992 15
2992 57
2993 9
2993 94
2994 88
2994 71
2995 81
2996 63
2997 57
2997 69
2999 67
3000 57
3001 11
3001 10
3001 90
3002 83
3002 100
3003 75
3003 49
3004 40
3004 87
3008 74
3009 65
3011 48
3011 69
3011 1
3012 79
3016 55
3017 15
3018 22
3020 48
3020 38
3020 54
3023 18
3023 59
3024 2
3024 14
3025 31
3025 40
3025 18
3026 54
3028 74
3030 16
3031 20
3034 30
3036 44
3039 94
3042 70
3042 3
3043 50
3043 44
3047 31
3049 8
3049 59
3050 69
3053 99
3054 31
3054 89
3054 29
3054 10
3055 58
3055 15
3055 15
3057 53
3058 14
3059 19
3060 69
3062 5
3063 14
3064 9
3065 33
3066 5
3067 19
3071 16
3071 17
3071 6
3072 21
3072 81
3076 36
3076 2
3080 64
3081 17
3081 33
3083 43
3084 35
3086 26
3087 63
3088 47
3089 30
3089 51
3090 58
3091 56
3092 30
3092 18
3092 100
3092 5
3094 62
3096 38
3097 45
3099 74
3099 32
3099 38
3099 18
3101 56
3101 17
3102 59
3102 51
3102 16
3103 91
3104 42
3104 40
3105 37
3105 56
3105 28
3109 15
3110 19
3111 35
3111 56
3114 71
3116 65
3117 98
3117 69
3118 16
3118 90
3119 2
3119 41
3119 30
3120 37
3121 77
3122 2
3123 55
3123 31
3124 86
3125 37
3125 73
3127 37
3128 99
3129 56
3129 6
3129 90
3131 30
3133 59
3133 77
3133 27
3134 63
3134 55
3134 94
3136 16
3137 50
3138 51
3138 49
3139 72
3139 100
3141 51
3142 53
3144 25
3145 63
3146 83
3146 6
3147 95
3149 30
3149 66
3149 89
3150 2
3150 40
3153 47
3155 95
3156 80
3158 7
3158 10
3159 36
3159 13
3160 16
3160 77
3162 32
3163 36
3164 40
3166 87
3167 74
3167 43
3167 27
3170 80
3170 78
3171 64
3173 41
3177 79
3177 81
3177 57
3177 26
3179 82
3180 62
3181 50
3182 2
3182 43
3182 76
3182 62
3183 32
3184 23
3184 52
3185 11
3185 31
3191 33
3191 28
3192 52
3194 65
3195 5
3196 77
3197 74
3197 43
3197 65
3198 31
3198 76
3198 92
3198 39
3200 71
3202 35
3202 73
3202 74
3204 5
3204 29
3205 48
3205 93
3208 17
3209 96
3210 89
3214 25
3215 96
3216 12
3217 68
3217 81
3217 43
3220 31
3221 16
3221 96
3223 68
3224 47
3224 5
3225 2
3226 96
3226 2
3226 80
3228 9
3230 73
3230 14
3231 93
3231 21
3231 7
3233 57
3238 7
3239 67
3242 39
3242 52
3243 54
3244 27
3244 91
3249 91
3249 49
3250 71
3252 60
3253 90
3254 100
3255 31
3257 91
3258 75
3258 91
3259 28
3260 62
3262 33
3263 53
3263 68
3264 38
3264 10
3264 89
3264 8
3264 37
3266 77
3267 4
3267 33
3268 15
3268 29
3270 85
3271 77
3271 75
3271 40
3271 92
3272 1
3273 57
3274 79
3274 86
3275 28
3275 74
3277 43
3277 1
3278 33
3279 64
3281 64
3281 51
3281 44
3281 54
3282 12
3287 69
3287 6
3288 6
3288 42
3288 33
3288 1
3289 17
3290 88
3291 51
3291 29
3294 60
3295 43
3299 30
3299 39
3299 17
3301 74
3301 96
3302 60
3303 27
3304 49
3305 53
3306 35
3308 96
3312 8
3312 41
3313 48
3313 16
3313 22
3314 55
3316 20
3316 34
3319 84
3321 75
3323 78
3323 67
3324 84
3324 34
3325 85
3325 57
3328 66
3328 84
3329 52
3330 95
3332 37
3333 2
3333 42
3334 3
3335 39
3337 15
3338 58
3338 66
3340 58
3341 6
3342 75
3342 3
3343 32
3344 80
3344 34
3344 7
3345 98
3348 94
3350 65
3351 37
3351 23
3354 31
3354 2
3354 7
3355 32
3355 100
3356 29
3357 2
3357 1
3358 83
3359 84
3360 41
3361 42
3361 38
3363 17
3364 14
3364 76
3366 21
3368 48
3370 33
3372 97
3373 48
3373 14
3374 12
3375 75
3376 6
3377 62
3378 27
3378 21
3379 37
3379 36
3380 87
3381 4
3383 22
3383 48
3383 70
3384 42
3384 4
3385 1
3386 46
3389 52
3390 66
3390 13
3391 23
3392 8
3393 84
3395 35
3397 26
3398 14
3398 55
3400 33
3402 6
3402 75
3402 46
3404 25
3404 77
3405 27
3406 20
3406 15
3406 79
3407 87
3407 42
3407 23
3407 37
3410 61
3410 66
3412 14
3413 81
3413 54
3415 88
3416 17
3418 71
3419 12
3420 3
3420 8
3421 40
3421 77
3424 3
3425 15
3426 38
3429 41
3433 34
3433 98
3433 43
3433 73
3434 87
3435 68
3435 36
3437 1
3438 51
3438 26
3440 78
3440 87
3441 54
3441 63
3442 27
3444 84
3449 68
3451 46
3452 7
3452 94
3457 23
3458 25
3460 74
3462 62
3462 52
3463 15
3470 34
3471 32
3473 94
3476 12
3476 92
3477 77
3477 80
3478 24
3478 38
3478 39
3479 72
3480 62
3480 36
3482 4
3484 82
3485 13
3485 21
3486 81
3486 77
3488 38
3489 2
3494 14
3495 52
3497 7
3497 4
3498 94
3501 79
3503 94
3504 56
3506 50
3508 19
3508 74
3510 35
3511 34
3511 62
3511 5
3512 3
3512 53
3513 9
3513 55
3514 9
3514 10
3515 45
3517 26
3518 46
3522 60
3523 44
3523 79
3524 66
3525 57
3526 29
3526 21
3527 73
3527 29
3527 31
3528 59
3530 34
3531 41
3532 30
3532 3
3534 86
3534 86
3536 97
3538 63
3539 74
3540 40
3542 80
3542 25
3543 19
3543 44
3544 40
3544 36
3545 15
3545 25
3546 67
3547 59
3547 29
3548 1
3550 97
3552 76
3553 87
3553 57
3553 14
3555 98
3556 76
3557 3
3559 62
3560 30
3561 37
3561 82
3562 7
3563 81
3563 82
3567 40
3568 77
3568 97
3569 41
3570 41
3570 67
3573 59
3574 75
3574 25
3574 52
3574 20
3575 50
3575 9
3578 42
3578 86
3579 60
3580 23
3581 4
3582 24
3582 80
3585 22
3585 69
3588 42
3589 10
3589 64
3591 70
3593 58
3593 42
3593 4
3594 81
3595 37
3596 51
3597 73
3597 1
3597 25
3598 76
3600 9
3601 97
3602 41
3602 33
3603 75
3604 81
3606 21
3606 96
3607 22
3609 62
3610 8
3610 89
3610 73
3611 77
3612 74
3613 67
3614 5
3614 29
3615 84
3615 61
3616 60
3616 38
3616 98
3617 64
3617 36
3617 1
3619 6
3619 79
3621 39
3622 63
3624 17
3625 36
3625 22
3626 26
3627 8
3627 8
3627 29
3628 11
3629 100
3630 15
3631 3
3634 38
3637 27
3637 15
3638 45
3642 89
3643 8
3643 94
3643 24
3645 23
3646 62
3646 92
3647 69
3648 66
3648 94
3648 37
3649 52
3649 55
3651 28
3651 95
3652 70
3652 64
3653 67
3655 45
3655 51
3656 24
3658 94
3659 51
3661 21
3662 50
3662 17
3663 46
3664 53
3664 28
3669 81
3671 98
3672 80
3673 2
3674 62
3674 3
3674 46
3676 56
3676 53
3678 47
3680 15
3680 59
3684 89
3684 70
3685 82
3685 8
3686 47
3688 25
3689 74
3689 79
3689 19
3689 91
3690 12
3692 84
3693 91
3694 55
3696 30
3696 46
3699 62
3704 68
3705 54
3705 47
3706 13
3706 65
3707 9
3708 19
3710 65
3711 24
3713 87
3714 77
3716 69
3717 27
3718 12
3718 30
3718 23
3719 48
3720 82
3720 91
3721 52
3722 96
3723 94
3723 74
3726 3
3726 98
3726 98
3726 87
3728 53
3729 29
3733 21
3735 38
3736 55
3737 67
3738 97
3738 91
3738 31
3739 15
3740 11
3741 97
3742 23
3746 93
3747 45
3748 7
3750 9
3750 61
3751 44
3751 40
3752 27
3752 15
3754 53
3754 89
3755 26
3756 25
3758 1
3760 77
3762 55
3762 4
3764 21
3764 31
3764 61
3764 87
3767 47
3769 4
3771 19
3773 69
3773 97
3774 60
3776 7
3777 69
3777 84
3777 94
3778 12
3779 9
3781 55
3784 51
3784 43
3784 45
3787 25
3787 90
3790 60
3792 78
3793 13
3793 74
3794 51
3795 43
3795 33
3800 80
3801 3
3802 64
3802 36
3802 77
3803 81
3804 82
3805 51
3806 61
3807 2
3808 100
3809 55
3810 37
3810 6
3812 62
3812 79
3812 18
3812 31
3814 32
3814 93
3815 54
3815 67
3816 10
3817 46
3818 58
3819 44
3819 90
3820 12
3822 100
3824 46
3824 53
3824 88
3824 90
3825 49
3826 12
3827 13
3828 98
3828 50
3828 13
3829 88
3830 75
3831 15
3835 17
3836 64
3837 42
3838 30
3838 82
3838 72
3840 92
3840 4
3841 11
3841 100
3841 42
3842 79
3843 25
3844 47
3845 44
3845 96
3849 81
3850 40
3854 75
3854 81
3855 4
3855 21
3858 83
3860 50
3862 55
3863 49
3863 11
3864 24
3864 69
3864 90
3865 44
3865 90
3867 96
3868 2
3869 78
3869 14
3870 82
3871 14
3872 67
3873 51
3875 49
3875 40
3877 46
3880 60
3880 99
3885 91
3885 43
3885 20
3886 68
3886 27
3887 11
3887 49
3888 7
3888 90
3890 42
3893 16
3894 5
3894 11
3895 98
3896 22
3897 50
3897 68
3899 83
3899 46
3899 52
3900 6
3901 33
3902 57
3903 79
3905 97
3905 87
3905 12
3906 45
3906 63
3907 24
3908 2
3910 62
3911 24
3912 18
3912 49
3914 73
3915 65
3916 82
3917 14
3918 58
3919 13
3919 91
3921 13
3921 9
3922 28
3926 53
3926 98
3927 3
3928 12
3929 24
3930 65
3930 60
3932 4
3932 37
3934 62
3934 63
3934 1
3935 17
3936 93
3937 71
3939 70
3939 16
3940 36
3942 13
3944 24
3946 55
3947 76
3949 74
3949 56
3949 66
3950 52
3955 47
3957 44
3958 34
3958 14
3959 41
3960 55
3960 20
3961 55
3962 10
3963 43
3963 17
3965 52
3966 63
3968 12
3968 68
3968 96
3968 25
3970 18
3970 43
3970 87
3972 70
3972 31
3972 40
3973 97
3975 64
3976 54
3976 75
3977 22
3979 46
3979 100
3981 78
3989 96
3990 52
3992 97
3992 1
3994 62
3994 32
3995 65
3996 94
3997 82
3998 51
4001 79
4001 5
4003 100
4003 37
4004 27
4005 58
4005 78
4006 98
4008 90
4009 45
4010 6
4011 47
4012 62
4013 87
4014 14
4014 68
4015 67
4015 84
4016 59
4016 84
4017 75
4017 69
4017 17
4017 74
4018 42
4018 70
4020 83
4024 73
4024 88
4026 19
4027 31
4028 30
4029 10
4029 1
4030 45
4031 97
4031 61
4031 76
4032 100
4032 2
4032 87
4033 15
4033 58
4035 4
4035 16
4035 30
4038 68
4040 20
4040 65
4042 94
4044 33
4045 63
4045 49
4046 55
4047 94
4048 45
4048 36
4048 27
4050 94
4051 87
4052 87
4052 39
4052 21
4054 83
4056 63
4060 42
4060 17
4061 77
4061 16
4062 81
4063 61
4063 83
4063 86
4065 66
4065 68
4065 84
4066 69
4069 89
4070 42
4072 20
4073 65
4073 64
4074 22
4075 92
4077 75
4077 73
4079 41
4079 1
4080 46
4080 99
4085 41
4085 62
4086 35
4090 96
4091 90
4093 19
4094 35
4095 73
4095 52
4098 50
4098 95
4099 45
4101 57
4101 15
4103 72
4105 48
4106 45
4106 60
4107 9
4108 42
4109 59
4111 2
4113 80
4113 65
4113 21
4113 42
4114 86
4114 64
4117 48
4117 32
4118 93
4121 26
4122 30
4122 16
4125 5
4125 66
4125 22
4126 19
4126 5
4127 17
4127 80
4127 9
4129 13
4129 44
4133 14
4134 43
4135 53
4136 98
4136 18
4137 82
4137 53
4141 68
4143 85
4143 29
4144 76
4145 47
4145 57
4147 10
4147 26
4147 19
4148 88
4150 10
4150 21
4151 87
4152 72
4153 83
4155 28
4155 50
4155 14
4156 21
4158 51
4159 1
4160 55
4164 89
4165 13
4165 12
4167 31
4168 33
4169 34
4169 43
4170 1
4172 36
4173 7
4173 10
4174 4
4174 91
4175 65
4176 92
4179 95
4180 72
4180 34
4180 77
4180 59
4183 97
4184 70
4185 22
4186 78
4187 48
4187 70
4187 8
4190 73
4190 27
4190 61
4191 69
4192 23
4192 47
4194 83
4196 38
4196 6
4197 12
4198 85
4202 53
4204 32
4205 60
4205 33
4207 61
4207 84
4208 79
4209 29
4211 27
4212 36
4213 61
4213 51
4214 98
4214 100
4216 31
4217 37
4218 32
4219 46
4220 9
4221 10
4221 20
4223 81
4225 68
4226 84
4228 38
4228 54
4229 24
4230 31
4230 24
4231 72
4232 3
4232 53
4234 70
4237 36
4237 92
4241 38
4241 95
4241 44
4243 22
4243 31
4244 71
4245 74
4246 75
4247 69
4248 64
4250 78
4251 39
4252 41
4253 99
4253 21
4254 29
4254 11
4255 2
4255 94
4257 99
4258 99
4258 64
4259 6
4260 74
4261 46
4262 90
4263 12
4263 91
4263 88
4265 14
4266 35
4267 29
4268 81
4270 6
4271 28
4274 81
4275 79
4278 62
4279 93
4280 60
4280 18
4280 87
4280 94
4282 89
4282 87
4282 78
4284 83
4284 15
4284 98
4284 90
4286 14
4287 38
4287 87
4288 52
4288 89
4290 36
4291 99
4291 85
4291 91
4291 86
4293 31
4293 98
4294 54
4295 12
4295 49
4295 42
4296 4
4296 44
4296 92
4297 2
4299 21
4300 71
4300 11
4303 8
4304 94
4304 67
4308 41
4309 26
4311 3
4312 59
4312 78
4313 58
4314 21
4315 7
4317 26
4321 16
4321 99
4322 35
4322 6
4322 2
4322 30
4323 70
4325 19
4326 33
4328 79
4328 26
4328 100
4329 78
4330 49
4330 53
4331 10
4332 74
4332 93
4333 15
4335 48
4336 68
4339 48
4342 36
4344 51
4344 47
4346 20
4348 87
4349 63
4349 83
4349 72
4351 70
4352 83
4353 42
4356 100
4358 98
4359 7
4360 97
4361 92
4361 46
4361 98
4361 26
4362 88
4362 37
4362 69
4367 92
4367 96
4367 66
4369 89
4371 75
4372 58
4372 27
4372 12
4375 58
4375 32
4377 96
4378 76
4378 75
4379 60
4379 21
4380 86
4383 83
4383 34
4384 83
4384 30
4384 14
4385 44
4385 42
4386 86
4386 20
4387 22
4389 26
4390 71
4390 96
4393 18
4394 18
4394 56
4395 8
4395 74
4396 46
4396 81
4396 73
4396 29
4399 17
4399 15
4401 97
4402 50
4403 31
4405 83
4407 58
4409 13
4410 23
4412 45
4412 59
4414 12
4415 29
4416 40
4416 92
4416 86
4417 18
4417 89
4417 40
4417 48
4419 24
4423 20
4424 52
4424 58
4427 39
4428 54
4429 12
4429 61
4430 17
4431 62
4431 40
4432 60
4432 93
4432 2
4433 33
4434 69
4435 38
4436 9
4436 13
4438 75
4439 54
4440 28
4442 83
4442 55
4442 66
4443 98
4444 49
4444 74
4446 75
4448 20
4448 54
4450 44
4451 9
4452 19
4453 73
4453 67
4453 83
4453 27
4454 63
4457 48
4458 84
4459 90
4461 33
4462 11
4463 81
4464 45
4466 56
4466 50
4467 40
4467 53
4467 23
4467 84
4467 9
4467 1
4467 96
4468 47
4469 35
4471 33
4471 75
4472 51
4474 66
4475 49
4475 43
4476 25
4477 27
4478 46
4480 19
4481 8
4481 66
4481 47
4481 38
4481 35
4482 34
4486 96
4486 69
4487 38
4487 53
4488 48
4489 74
4489 40
4489 40
4490 81
4490 87
4490 93
4492 5
4493 46
4493 64
4494 44
4494 10
4494 12
4495 54
4497 7
4499 76
4500 13
4504 34
4505 63
4505 57
4505 57
4507 37
4508 24
4509 42
4511 36
4512 56
4513 39
4514 87
4514 39
4518 69
4519 10
4520 9
4520 89
4521 12
4522 97
4524 47
4525 99
4526 11
4526 63
4529 7
4529 8
4530 97
4530 79
4530 88
4532 55
4532 13
4534 19
4534 28
4536 75
4536 5
4536 6
4537 48
4537 84
4538 24
4538 93
4538 10
4539 54
4539 51
4539 42
4540 54
4540 1
4541 20
4543 37
4548 4
4549 54
4550 65
4550 85
4551 43
4551 4
4552 22
4552 7
4553 86
4554 76
4555 60
4558 18
4561 73
4561 55
4562 26
4564 2
4564 36
4565 93
4567 16
4567 68
4569 44
4571 93
4572 27
4572 65
4573 27
4576 79
4576 6
4577 72
4577 21
4579 35
4581 55
4582 28
4582 90
4583 32
4585 5
4585 50
4586 89
4588 14
4589 67
4589 78
4589 20
4590 83
4590 50
4590 5
4591 78
4592 11
4592 43
4593 33
4596 88
4596 89
4597 30
4597 86
4597 52
4598 10
4598 19
4598 22
4598 39
4599 38
4600 16
4600 23
4600 13
4604 30
4606 26
4609 53
4612 79
4612 47
4613 30
4614 65
4615 62
4616 69
4617 11
4620 92
4625 84
4626 67
4627 70
4627 21
4628 85
4631 54
4631 44
4633 61
4634 83
4635 75
4636 71
4637 44
4638 100
4639 35
4639 84
4642 2
4643 12
4643 3
4643 26
4645 2
4646 33
4647 71
4647 32
4649 99
4650 93
4651 77
4651 80
4652 28
4652 82
4652 13
4656 52
4657 64
4657 55
4660 42
4661 85
4662 4
4664 89
4665 44
4665 77
4665 55
4666 10
4669 44
4671 24
4672 61
4672 50
4673 66
4676 64
4678 50
4681 65
4681 75
4681 89
4682 66
4685 49
4685 53
4686 31
4686 60
4686 65
4689 43
4689 5
4691 54
4692 22
4693 44
4694 57
4695 66
4696 17
4696 42
4698 34
4699 80
4700 57
4701 24
4704 9
4705 85
4706 89
4709 13
4711 95
4711 100
4712 56
4712 19
4714 20
4714 83
4716 94
4716 66
4717 46
4718 98
4718 20
4718 47
4718 18
4720 89
4721 36
4721 64
4722 20
4723 49
4724 7
4724 95
4725 79
4725 37
4725 82
4726 80
4726 46
4728 8
4729 16
4729 68
4729 18
4730 24
4731 90
4735 70
4736 46
4736 90
4739 61
4742 76
4744 100
4744 84
4745 94
4747 20
4748 86
4749 89
4750 80
4751 62
4752 36
4753 72
4754 43
4754 33
4754 20
4754 45
4755 65
4755 46
4758 28
4758 73
4758 64
4760 39
4762 30
4763 12
4764 73
4766 7
4766 81
4767 51
4768 70
4768 75
4769 76
4770 79
4771 66
4771 93
4772 97
4773 57
4773 7
4774 88
4774 3
4774 68
4776 56
4778 46
4778 4
4778 3
4779 34
4779 32
4781 5
4783 27
4784 29
4784 77
4786 98
4786 80
4786 79
4787 20
4789 39
4790 99
4790 89
4790 51
4791 17
4796 28
4796 22
4797 65
4799 95
4800 39
4800 89
4803 16
4803 79
4804 16
4806 81
4807 43
4807 15
4808 97
4809 94
4809 21
4810 69
4812 72
4812 10
4812 66
4813 88
4813 66
4814 29
4815 72
4816 9
4818 98
4818 69
4818 25
4820 56
4820 64
4821 23
4821 10
4821 58
4822 43
4824 9
4824 85
4824 20
4826 92
4828 4
4829 66
4830 66
4831 55
4831 13
4832 5
4832 100
4833 22
4834 41
4834 32
4835 90
4835 64
4841 43
4841 38
4841 53
4842 11
4843 59
4843 10
4844 68
4849 93
4851 46
4851 7
4852 2
4852 73
4852 2
4853 92
4854 86
4854 64
4854 34
4854 98
4855 60
4855 4
4856 72
4857 55
4858 69
4859 89
4859 19
4861 36
4861 74
4862 59
4863 96
4863 99
4863 72
4864 71
4864 36
4865 100
4866 79
4867 31
4868 24
4868 83
4869 53
4869 96
4871 78
4871 21
4871 4
4871 30
4871 70
4873 91
4874 48
4875 9
4875 75
4876 85
4877 40
4879 73
4879 79
4881 87
4884 11
4886 36
4886 41
4886 19
4887 89
4889 78
4889 90
4892 87
4892 78
4894 67
4895 11
4896 65
4897 58
4897 64
4898 90
4899 5
4899 98
4900 19
4901 25
4901 16
4902 99
4902 78
4902 45
4903 57
4903 51
4904 16
4905 81
4906 86
4906 61
4907 4
4909 51
4909 63
4909 3
4910 4
4911 49
4911 65
4911 27
4912 46
4913 79
4915 15
4917 20
4918 57
4920 2
4920 14
4921 60
4923 83
4924 97
4925 64
4926 77
4927 55
4928 76
4930 52
4931 75
4931 19
4933 89
4933 54
4934 69
4935 25
4935 53
4935 85
4935 73
4937 8
4941 52
4942 45
4943 93
4943 11
4944 14
4945 42
4945 97
4946 26
4946 7
4946 39
4949 47
4949 71
4952 55
4952 76
4953 84
4956 17
4957 71
4958 81
4959 50
4959 38
4959 51
4962 30
4966 10
4967 33
4967 97
4968 3
4968 25
4969 92
4970 78
4971 89
4971 63
4972 19
4973 15
4973 55
4975 44
4975 53
4977 39
4977 14
4977 9
4977 96
4981 53
4982 6
4982 51
4982 57
4983 33
4984 86
4985 29
4986 75
4987 86
4987 20
4989 54
4990 16
4991 65
4992 42
4992 49
4996 100
4997 71
4998 96
4998 40
4999 45
4999 13
5003 36
5003 66
5003 71
5003 55
5004 1
5005 11
5007 91
5007 24
5008 32
5008 40
5009 55
5009 37
5009 10
5010 83
5010 32
5011 40
5012 98
5014 99
5015 36
5016 98
5017 59
5019 76
5020 53
5021 8
5021 39
5021 72
5022 35
5023 99
5024 18
5024 25
5025 77
5027 50
5027 51
5029 62
5030 49
5030 93
5041 74
5041 64
5041 33
5042 51
5042 29
5042 39
5042 95
5042 75
5043 34
5044 33
5044 71
5045 74
5046 8
5046 59
5046 5
5047 59
5048 42
5048 56
5052 21
5053 96
5053 97
5053 86
5055 13
5057 89
5058 24
5058 89
5059 9
5059 35
5062 77
5063 52
5063 88
5064 82
5065 80
5066 13
5069 99
5070 5
5070 59
5072 2
5073 97
5073 48
5076 67
5078 63
5078 65
5080 18
5082 28
5082 46
5082 88
5084 53
5085 95
5086 5
5089 55
5090 52
5091 3
5092 78
5092 31
5093 30
5096 81
5097 87
5098 54
5101 37
5102 46
5102 86
5102 44
5102 81
5103 69
5104 23
5105 52
5105 38
5106 96
5106 22
5108 91
5112 63
5112 40
5118 22
5118 92
5120 28
5120 6
5120 98
5122 79
5122 90
5123 70
5123 50
5123 77
5124 48
5124 43
5124 15
5124 25
5126 85
5126 95
5126 53
5127 85
5129 28
5131 55
5131 18
5133 100
5135 91
5135 96
5136 34
5136 69
5136 11
5137 4
5141 20
5143 4
5147 86
5147 65
5149 9
5154 34
5155 39
5155 77
5155 94
5156 85
5156 71
5156 89
5157 87
5157 76
5158 50
5160 64
5161 42
5162 30
5163 67
5164 39
5164 72
5165 13
5166 58
5172 93
5174 64
5175 82
5176 26
5178 47
5180 67
5181 50
5181 37
5184 69
5184 8
5186 22
5188 87
5191 76
5191 38
5192 66
5193 62
5193 42
5195 75
5196 23
5196 57
5198 58
5200 99
5200 98
5202 35
5202 16
5203 25
5204 27
5205 39
5206 55
5206 100
5206 77
5208 9
5208 1
5210 30
5212 35
5212 35
5212 67
5213 7
5213 18
5214 70
5214 68
5214 74
5216 47
5216 60
5216 47
5220 62
5221 54
5221 76
5222 71
5223 14
5225 54
5225 22
5228 99
5229 33
5230 43
5231 43
5232 64
5233 84
5233 49
5234 6
5235 53
5239 86
5239 13
5240 94
5243 36
5244 71
5245 59
5246 71
5247 27
5248 17
5248 92
5252 73
5253 8
5254 19
5256 84
5257 28
5258 54
5259 56
5262 49
5262 88
5264 85
5266 83
5267 89
5268 26
5271 67
5272 98
5272 95
5273 14
5273 28
5274 21
5276 51
5278 39
5280 92
5280 86
5283 10
5283 98
5283 87
5283 69
5285 97
5285 70
5287 40
5288 36
5293 26
5294 82
5296 84
5296 14
5296 40
5297 41
5300 87
5300 28
5300 59
5302 27
5303 59
5304 23
5304 40
5304 22
5304 62
5305 7
5307 57
5307 86
5307 81
5308 58
5308 71
5309 45
5309 98
5311 99
5311 80
5312 9
5313 76
5313 34
5315 94
5317 60
5318 34
5319 78
5320 33
5321 72
5322 48
5323 23
5326 81
5328 74
5329 96
5330 68
5332 63
5333 57
5333 64
5336 24
5338 3
5339 81
5340 73
5340 21
5344 2
5345 63
5346 4
5346 68
5350 88
5351 21
5351 55
5353 46
5353 17
5354 7
5354 32
5355 2
5355 46
5356 54
5356 74
5357 85
5357 80
5357 38
5358 53
5359 87
5361 55
5361 56
5363 87
5364 5
5365 64
5366 68
5367 44
5368 70
5368 68
5370 32
5370 71
5372 62
5372 27
5373 63
5375 77
5376 4
5378 81
5380 93
5382 17
5383 100
5384 94
5385 21
5388 18
5389 47
5390 38
5391 33
5394 96
5394 43
5397 81
5401 93
5403 96
5404 33
5405 55
5405 42
5406 94
5407 50
5407 79
5408 42
5409 87
5411 80
5412 9
5412 36
5414 63
5416 17
5417 8
5418 36
5419 4
5420 6
5420 15
5421 42
5422 61
5424 33
5427 98
5427 3
5427 1
5428 85
5428 82
5428 27
5429 69
5429 32
5431 21
5431 12
5432 86
5433 87
5433 47
5434 60
5436 94
5436 51
5437 44
5439 18
5440 28
5440 85
5446 49
5446 83
5448 94
5449 69
5450 76
5450 78
5451 31
5451 79
5453 97
5453 62
5454 37
5456 26
5459 44
5459 19
5460 78
5460 4
5462 89
5462 84
5462 31
5463 44
5464 75
5470 45
5470 45
5472 80
5474 98
5474 75
5475 29
5475 22
5477 55
5480 84
5480 29
5482 27
5482 36
5482 41
5483 34
5483 7
5484 22
5485 82
5485 89
5486 34
5486 73
5487 95
5488 34
5489 42
5489 92
5489 45
5490 81
5491 93
5491 96
5491 53
5492 98
5492 41
5495 24
5495 27
5495 25
5495 10
5497 81
5497 48
5497 85
5502 20
5505 20
5506 7
5506 80
5506 6
5508 21
5508 74
5509 60
5511 74
5513 7
5514 21
5514 18
5516 97
5516 74
5517 48
5518 26
5519 71
5519 24
5520 83
5521 36
5522 33
5523 78
5525 54
5525 91
5528 77
5528 26
5529 27
5530 95
5530 8
5530 1
5530 100
5532 75
5533 28
5533 70
5534 51
5536 19
5536 8
5536 63
5537 2
5537 46
5537 84
5538 43
5538 13
5540 20
5542 97
5542 63
5542 66
5543 66
5544 8
5546 74
5548 84
5548 55
5549 23
5550 31
5550 58
5550 32
5552 24
5553 85
5553 4
5556 2
5557 40
5558 51
5561 20
5562 51
5563 21
5563 98
5564 34
5565 69
5565 12
5567 71
5568 25
5568 67
5568 57
5570 52
5571 65
5571 53
5572 65
5577 97
5578 97
5580 49
5582 23
5585 29
5585 22
5586 35
5586 82
5587 16
5591 63
5591 57
5591 54
5591 80
5593 97
5595 35
5596 21
5597 65
5598 47
5598 17
5599 97
5599 94
5601 8
5601 63
5603 65
5603 97
5603 97
5604 80
5605 26
5606 7
5609 38
5609 16
5609 88
5612 11
5613 60
5613 69
5615 34
5616 72
5620 99
5620 67
5621 72
5623 15
5623 60
5623 97
5623 27
5623 55
5624 48
5625 71
5625 28
5626 47
5627 31
5627 47
5629 23
5630 88
5631 43
5632 98
5633 12
5634 21
5634 52
5637 84
5637 37
5639 86
5639 69
5640 81
5640 8
5640 95
5640 65
5642 78
5643 38
5643 20
5643 62
5648 3
5650 87
5652 5
5653 89
5654 26
5656 25
5657 53
5659 70
5659 85
5663 90
5663 13
5666 90
5666 84
5666 50
5667 38
5667 9
5667 8
5667 34
5667 70
5668 20
5668 67
5670 61
5671 28
5672 79
5672 34
5673 64
5674 54
5678 31
5678 41
5679 9
5680 91
5681 18
5683 35
5685 56
5685 21
5687 9
5689 9
5691 49
5691 97
5694 59
5695 88
5697 71
5697 69
5698 50
5698 24
5698 33
5699 43
5700 19
5702 82
5702 2
5702 54
5703 85
5704 46
5709 13
5713 33
5716 98
5717 46
5717 56
5719 77
5719 22
5719 17
5719 65
5720 16
5721 66
5722 43
5722 34
5723 57
5723 10
5726 4
5726 34
5726 83
5727 70
5728 75
5729 62
5730 80
5730 50
5730 24
5731 24
5734 95
5736 8
5737 3
5738 23
5740 23
5741 29
5744 59
5744 31
5746 85
5747 17
5748 49
5750 99
5754 53
5757 27
5757 3
5757 81
5762 55
5764 78
5764 99
5770 16
5771 90
5771 5
5775 8
5776 20
5777 71
5777 94
5779 55
5780 84
5780 81
5780 42
5781 12
5781 50
5782 69
5783 50
5784 43
5787 80
5788 97
5789 38
5789 88
5790 69
5792 27
5797 8
5798 32
5798 40
5800 22
5802 45
5802 9
5805 20
5807 40
5808 48
5809 83
5810 40
5812 98
5813 53
5813 77
5814 12
5816 28
5817 73
5818 8
5822 55
5823 2
5823 6
5824 96
5825 29
5825 99
5825 33
5826 68
5829 30
5829 13
5830 4
5832 96
5832 16
5833 33
5834 51
5834 36
5835 12
5836 56
5836 66
5836 78
5837 71
5837 49
5837 48
5840 58
5840 2
5841 56
5841 60
5842 28
5843 13
5845 15
5845 71
5846 38
5846 21
5846 30
5847 16
5848 46
5849 61
5852 92
5852 70
5854 93
5855 53
5856 81
5857 22
5857 88
5859 28
5860 24
5860 22
5861 28
5862 39
5863 27
5864 57
5865 29
5865 77
5865 86
5866 11
5866 92
5868 83
5869 57
5870 64
5871 77
5873 89
5874 80
5876 80
5879 11
5882 42
5883 30
5883 63
5888 79
5889 89
5889 95
5893 40
5894 60
5894 33
5895 8
5896 30
5897 68
5898 85
5899 96
5900 44
5901 27
5905 9
5905 48
5907 78
5908 98
5908 33
5909 90
5910 23
5911 66
5911 70
5911 99
5912 48
5912 68
5913 16
5913 56
5914 59
5914 2
5915 55
5917 36
5918 14
5918 38
5918 83
5918 75
5920 62
5920 82
5921 23
5922 63
5923 41
5924 72
5924 45
5925 66
5927 92
5928 91
5928 28
5929 72
5930 71
5931 91
5931 49
5932 12
5932 6
5932 35
5932 60
5933 52
5935 57
5937 49
5937 14
5938 91
5938 85
5938 18
5940 21
5940 51
5942 37
5947 23
5948 4
5948 24
5949 22
5951 51
5951 26
5952 21
5953 44
5954 76
5954 40
5954 95
5955 71
5955 44
5957 83
5958 81
5958 69
5959 18
5959 100
5961 12
5962 40
5962 97
5963 59
5964 79
5965 48
5967 27
5968 76
5968 61
5970 44
5970 85
5971 11
5973 15
5973 97
5978 27
5978 99
5979 59
5980 52
5980 95
5981 42
5981 11
5982 93
5983 3
5989 80
5990 79
5991 97
5991 73
5993 57
5993 18
5993 80
5995 19
5995 51
5997 15
5997 46
5998 45
5998 3
5999 57
6002 96
6005 100
6008 59
6008 72
6009 70
6010 55
6010 90
6011 25
6012 42
6016 63
6017 86
6017 5
6018 1
6019 47
6020 66
6020 73
6020 91
6021 14
6022 23
6022 79
6024 62
6025 15
6026 1
6026 16
6027 29
6028 24
6030 29
6034 51
6035 1
6035 62
6036 75
6036 28
6036 6
6036 41
6037 80
6038 82
6039 62
6039 10
6040 13
6041 99
6041 7
6042 61
6042 5
6043 43
6044 58
6047 43
6050 28
6055 88
6056 57
6059 46
6060 61
6060 48
6061 100
6062 10
6062 61
6066 9
6067 94
6068 37
6069 38
6070 61
6072 92
6074 43
6075 90
6075 23
6077 62
6077 79
6077 97
6078 37
6081 14
6083 25
6084 24
6085 7
6086 74
6087 11
6090 81
6091 76
6092 81
6094 28
6095 30
6095 80
6095 2
6096 94
6096 86
6097 25
6097 53
6098 68
6099 73
6101 60
6101 38
6102 16
6103 96
6104 14
6104 71
6106 72
6106 74
6106 46
6108 56
6111 39
6113 39
6114 93
6114 31
6114 66
6115 47
6116 56
6117 29
6117 37
6117 25
6117 61
6117 72
6117 60
6119 76
6121 3
6121 22
6122 4
6124 56
6125 78
6125 63
6126 92
6127 71
6128 38
6132 96
6133 26
6134 12
6136 20
6136 74
6139 31
6139 90
6140 85
6140 80
6141 30
6145 13
6146 36
6147 23
6147 56
6148 43
6150 50
6150 75
6151 15
6151 25
6153 19
6154 100
6154 62
6155 66
6156 34
6157 71
6158 25
6158 100
6160 78
6160 8
6161 85
6161 98
6161 63
6163 26
6163 49
6163 46
6164 6
6164 84
6164 14
6165 57
6169 81
6169 43
6171 23
6171 13
6172 26
6172 11
6173 73
6173 7
6175 8
6177 99
6179 60
6179 47
6180 45
6180 47
6181 77
6181 63
6184 22
6185 33
6187 35
6188 61
6188 11
6190 25
6190 34
6191 25
6192 71
6194 56
6196 1
6198 92
6199 1
6200 18
6200 88
6201 85
6202 29
6203 37
6204 67
6204 40
6206 65
6206 50
6206 87
6207 29
6207 92
6207 90
6209 93
6209 80
6212 69
6212 67
6214 69
6215 83
6215 67
6216 8
6217 60
6217 93
6218 57
6219 80
6220 50
6220 3
6221 41
6221 36
6222 54
6223 100
6223 67
6224 19
6224 42
6228 70
6232 23
6236 68
6237 70
6238 52
6238 100
6240 13
6242 62
6242 62
6242 32
6244 60
6244 39
6245 45
6247 58
6247 49
6248 32
6249 82
6252 35
6253 46
6253 62
6253 29
6254 91
6257 75
6257 52
6258 82
6258 19
6260 53
6264 85
6265 96
6265 82
6267 39
6267 97
6269 50
6270 95
6270 46
6271 52
6271 76
6274 92
6276 38
6281 49
6281 57
6283 94
6284 74
6286 100
6287 17
6288 5
6290 35
6291 85
6291 87
6292 55
6295 18
6297 66
6298 42
6300 34
6300 61
6300 97
6301 84
6304 90
6304 93
6306 55
6308 64
6308 86
6309 79
6310 74
6311 65
6311 18
6312 49
6312 23
6314 57
6317 62
6318 65
6319 42
6320 4
6321 62
6324 51
6324 36
6325 93
6325 63
6326 96
6326 45
6326 56
6328 53
6329 86
6329 31
6331 68
6332 40
6334 95
6336 69
6337 32
6338 23
6339 27
6342 93
6344 11
6345 20
6346 69
6349 49
6349 61
6349 94
6351 76
6353 66
6354 35
6354 12
6354 14
6356 18
6356 89
6357 49
6357 60
6359 63
6361 81
6362 97
6365 35
6365 49
6365 80
6366 21
6366 26
6366 25
6367 8
6367 42
6367 29
6369 52
6371 82
6372 6
6373 13
6374 93
6375 13
6376 86
6379 32
6380 44
6380 23
6381 25
6383 89
6385 68
6385 17
6386 3
6388 10
6392 74
6393 51
6393 10
6394 36
6394 12
6394 45
6395 55
6395 92
6399 94
6400 99
6400 89
6405 21
6405 92
6406 72
6406 96
6410 1
6411 59
6411 93
6413 54
6414 38
6416 81
6416 78
6417 80
6418 93
6419 83
6419 13
6422 85
6423 30
6423 71
6426 39
6426 28
6428 74
6429 61
6429 29
6431 65
6431 4
6432 84
6435 88
6436 46
6438 37
6443 43
6444 39
6445 21
6446 88
6446 41
6446 97
6447 5
6449 62
6450 95
6450 60
6453 12
6453 1
6456 43
6456 48
6456 67
6456 59
6458 16
6458 75
6460 73
6461 89
6462 66
6463 52
6463 65
6463 95
6463 62
6468 81
6470 22
6470 57
6470 23
6471 60
6473 1
6474 80
6475 69
6475 53
6475 20
6476 3
6477 56
6477 59
6478 65
6478 41
6480 74
6480 61
6487 67
6490 80
6491 85
6491 43
6491 89
6492 55
6494 26
6495 50
6496 100
6496 95
6496 60
6498 43
6498 64
6498 17
6499 98
6500 83
6500 1
6501 73
6503 92
6504 60
6505 48
6506 43
6506 63
6509 98
6509 70
6509 69
6511 55
6512 75
6514 100
6516 70
6516 45
6517 46
6517 29
6518 20
6519 38
6520 33
6521 26
6522 62
6524 47
6525 97
6527 100
6530 96
6531 44
6531 17
6531 24
6531 83
6534 8
6537 86
6538 1
6543 6
6545 82
6547 38
6549 9
6549 80
6551 70
6555 68
6556 3
6560 38
6560 82
6562 15
6565 53
6566 66
6568 98
6568 52
6568 78
6569 81
6570 67
6570 45
6571 86
6573 59
6573 64
6574 3
6575 96
6576 37
6577 25
6577 9
6578 14
6579 35
6582 27
6582 11
6583 67
6584 13
6584 19
6585 14
6585 79
6587 55
6588 31
6588 92
6590 15
6591 70
6592 52
6592 80
6592 93
6593 71
6594 29
6597 40
6597 99
6597 35
6598 96
6598 56
6599 98
6604 8
6605 85
6605 6
6606 68
6607 56
6607 61
6608 92
6609 16
6610 72
6610 12
6610 35
6611 85
6612 13
6613 1
6614 79
6614 14
6620 5
6623 49
6623 48
6624 89
6627 21
6628 84
6629 18
6630 9
6631 54
6632 79
6632 2
6637 33
6637 62
6639 9
6640 92
6640 61
6640 45
6640 78
6643 86
6643 80
6644 27
6645 57
6645 99
6646 61
6650 74
6650 23
6651 81
6651 94
6651 99
6654 79
6654 74
6654 55
6656 93
6656 75
6657 58
6658 17
6658 61
6664 95
6667 27
6667 46
6667 14
6670 79
6671 19
6672 1
6672 67
6674 47
6674 49
6676 21
6678 76
6678 58
6680 19
6681 48
6681 98
6682 62
6682 56
6682 20
6684 65
6684 62
6684 82
6685 98
6687 82
6687 15
6689 22
6689 23
6690 23
6693 19
6694 19
6695 55
6695 94
6695 37
6696 25
6696 83
6697 21
6699 69
6700 24
6700 19
6701 24
6702 52
6702 75
6702 14
6703 92
6706 27
6706 15
6707 79
6708 82
6708 70
6709 65
6710 81
6711 25
6714 96
6714 88
6715 79
6717 15
6717 32
6718 98
6719 90
6721 57
6722 62
6722 45
6724 36
6724 56
6728 36
6728 17
6729 33
6729 65
6733 58
6733 54
6734 85
6736 48
6737 67
6740 93
6740 41
6742 12
6742 34
6743 20
6744 67
6745 90
6745 17
6746 19
6746 16
6747 84
6747 82
6748 6
6748 72
6749 53
6750 24
6751 12
6753 38
6755 40
6757 79
6757 26
6757 36
6758 16
6761 67
6764 7
6764 3
6765 36
6765 35
6766 17
6768 17
6768 19
6770 51
6770 51
6771 96
6771 70
6772 67
6772 77
6773 29
6774 76
6774 53
6775 35
6777 23
6777 1
6779 86
6783 21
6784 46
6786 14
6788 60
6790 1
6791 94
6792 68
6793 73
6795 40
6798 99
6799 86
6799 55
6799 1
6800 39
6801 2
6803 14
6803 33
6804 99
6804 10
6805 5
6806 26
6811 52
6812 66
6812 17
6813 8
6814 36
6814 33
6816 21
6817 46
6818 60
6818 54
6818 82
6819 21
6819 74
6820 4
6820 76
6821 62
6821 78
6824 55
6825 48
6826 55
6826 36
6827 55
6827 59
6828 56
6828 78
6828 49
6831 34
6833 24
6833 76
6833 77
6834 31
6836 93
6837 39
6838 100
6839 3
6840 27
6840 49
6840 70
6841 67
6842 74
6845 96
6846 35
6846 10
6847 16
6848 28
6848 22
6850 100
6850 79
6850 10
6850 92
6851 28
6851 42
6852 30
6852 29
6852 49
6855 11
6855 4
6856 55
6857 20
6857 60
6858 4
6860 39
6860 33
6862 19
6863 18
6863 72
6865 24
6865 41
6865 82
6867 51
6867 4
6867 5
6870 26
6871 44
6871 54
6872 90
6874 51
6875 33
6877 13
6877 63
6877 17
6878 5
6878 97
6878 25
6879 50
6880 36
6881 16
6882 45
6886 52
6886 92
6887 48
6889 88
6891 78
6892 42
6893 46
6893 20
6894 28
6895 42
6896 99
6897 30
6897 98
6899 85
6900 15
6900 42
6901 26
6901 89
6902 62
6903 45
6903 54
6904 45
6905 99
6905 32
6906 11
6907 10
6907 80
6908 69
6908 90
6911 45
6913 80
6914 38
6914 27
6914 22
6914 84
6915 94
6916 61
6917 45
6917 35
6918 62
6920 31
6920 50
6921 7
6921 9
6922 60
6923 95
6924 51
6925 38
6925 15
6926 73
6928 86
6932 68
6933 10
6933 28
6933 6
6933 45
6935 53
6935 79
6937 69
6937 14
6938 96
6939 67
6941 38
6942 62
6942 63
6943 22
6943 46
6945 89
6946 68
6948 86
6948 58
6948 83
6949 28
6951 3
6952 94
6952 26
6955 1
6955 86
6955 10
6956 23
6957 65
6958 43
6958 84
6959 73
6960 95
6964 35
6965 70
6965 51
6965 100
6967 99
6967 42
6968 78
6968 63
6969 74
6969 79
6972 85
6973 31
6976 46
6976 89
6976 41
6976 53
6976 24
6976 60
6979 73
6980 32
6981 16
6982 84
6982 94
6983 39
6985 24
6986 9
6986 67
6987 90
6987 62
6988 37
6990 11
6990 58
6990 68
6990 17
6990 78
6990 1
6993 23
6994 61
6994 4
6995 28
6997 88
6998 83
6998 20
6998 25
6999 96
7000 38
7004 82
7005 88
7006 1
7007 96
7010 32
7011 56
7011 75
7014 75
7015 8
7016 12
7017 95
7017 73
7022 6
7023 65
7023 3
7023 2
7024 27
7025 79
7025 10
7028 29
7028 28
7030 58
7030 99
7030 54
7030 50
7031 2
7032 96
7035 59
7035 98
7035 62
7037 30
7040 94
7042 32
7045 63
7046 63
7046 71
7047 47
7047 32
7047 8
7049 71
7049 98
7051 55
7053 86
7054 2
7057 5
7060 68
7061 58
7062 89
7064 41
7066 32
7067 21
7067 21
7069 81
7069 65
7069 11
7069 64
7070 15
7071 37
7071 22
7071 11
7071 30
7072 59
7073 79
7073 57
7074 42
7074 20
7077 94
7079 59
7080 68
7080 10
7081 4
7081 84
7083 22
7083 62
7084 58
7085 50
7086 69
7087 47
7087 32
7094 39
7095 83
7095 65
7095 6
7095 56
7096 52
7097 1
7097 94
7097 82
7100 14
7100 17
7100 99
7100 32
7101 10
7101 79
7102 18
7102 2
7102 77
7102 78
7103 84
7104 87
7107 50
7108 70
7109 59
7110 16
7110 62
7115 22
7117 5
7117 92
7118 74
7120 66
7121 83
7121 25
7121 46
7124 100
7128 50
7128 49
7129 33
7132 12
7132 93
7135 61
7135 6
7136 43
7139 54
7140 20
7140 69
7141 50
7144 53
7144 98
7144 31
7145 2
7146 76
7146 14
7146 72
7146 30
7149 22
7149 65
7150 65
7151 75
7152 90
7152 74
7155 79
7156 18
7157 18
7159 17
7159 39
7159 6
7160 52
7160 93
7161 54
7163 81
7164 51
7164 44
7165 81
7165 39
7165 50
7168 6
7170 14
7170 97
7171 15
7172 29
7172 82
7173 58
7174 78
7174 76
7175 44
7176 60
7177 100
7177 76
7178 26
7179 40
7179 78
7186 38
7186 83
7188 1
7188 47
7190 92
7191 23
7192 24
7193 1
7194 29
7194 58
7196 16
7196 91
7197 54
7198 44
7199 87
7200 55
7200 18
7202 34
7203 29
7203 92
7204 76
7206 65
7207 77
7207 18
7209 30
7209 46
7209 14
7210 37
7210 87
7211 62
7212 99
7212 67
7212 71
7214 6
7214 33
7215 26
7215 11
7216 78
7217 34
7217 98
7219 88
7220 70
7221 99
7222 93
7226 39
7226 39
7227 14
7228 35
7229 14
7230 54
7231 30
7231 100
7231 31
7231 14
7231 51
7232 50
7235 12
7236 25
7236 69
7236 73
7238 12
7238 10
7239 28
7239 68
7240 65
7240 26
7240 68
7241 52
7241 83
7241 64
7242 73
7243 57
7243 26
7243 50
7246 5
7248 41
7249 7
7249 37
7250 92
7250 43
7250 73
7253 54
7253 18
7256 35
7256 35
7257 68
7257 21
7257 43
7258 56
7259 73
7263 19
7265 49
7265 38
7265 20
7265 38
7265 95
7270 18
7272 3
7273 88
7273 46
7273 37
7274 35
7274 99
7276 35
7276 16
7277 10
7278 6
7281 85
7282 98
7283 78
7284 46
7285 34
7288 88
7288 96
7291 92
7292 13
7292 72
7293 10
7294 18
7294 8
7296 83
7298 45
7299 82
7302 92
7303 62
7305 2
7308 7
7310 62
7311 96
7311 99
7311 80
7312 43
7313 78
7314 5
7316 18
7317 22
7317 46
7318 46
7318 29
7320 88
7323 93
7324 22
7325 8
7325 100
7327 1
7327 22
7328 53
7328 14
7330 9
7330 75
7331 34
7331 85
7335 47
7336 40
7338 47
7340 31
7340 58
7343 48
7344 54
7344 23
7346 48
7347 26
7348 39
7349 8
7349 2
7350 6
7350 23
7350 57
7351 40
7353 33
7360 38
7362 5
7365 50
7366 30
7367 47
7368 51
7368 12
7369 74
7369 55
7370 61
7372 28
7373 22
7374 8
7375 32
7376 79
7377 78
7377 56
7377 67
7377 36
7378 52
7378 100
7378 24
7379 91
7382 54
7383 54
7385 94
7385 10
7386 2
7387 80
7388 13
7388 39
7389 61
7389 10
7390 2
7391 8
7392 32
7394 36
7396 63
7397 14
7398 37
7398 17
7400 27
7401 76
7402 30
7403 55
7405 23
7406 90
7406 6
7407 73
7407 60
7410 89
7411 45
7412 97
7412 37
7415 29
7415 80
7416 80
7417 13
7417 56
7417 21
7417 59
7418 85
7418 38
7420 30
7422 94
7423 49
7423 95
7424 12
7425 18
7425 83
7426 15
7426 84
7427 80
7428 36
7429 2
7431 9
7431 54
7431 99
7431 91
7431 39
7435 45
7436 52
7437 49
7437 56
7437 12
7438 93
7438 45
7439 56
7440 70
7440 21
7441 31
7441 92
7441 5
7442 37
7443 60
7445 6
7445 79
7445 15
7446 97
7446 94
7446 54
7447 61
7447 57
7447 1
7448 94
7452 90
7456 85
7456 86
7458 34
7459 81
7461 68
7461 81
7461 16
7462 64
7466 36
7467 38
7467 77
7468 3
7469 59
7470 93
7470 22
7472 57
7473 41
7474 80
7475 13
7475 61
7476 4
7476 79
7478 73
7478 81
7479 96
7479 37
7480 93
7481 7
7482 43
7482 81
7482 100
7483 47
7483 59
7484 88
7484 63
7484 36
7486 58
7487 36
7488 79
7491 38
7491 74
7491 64
7492 3
7493 100
7493 25
7494 11
7496 43
7498 32
7501 28
7501 66
7501 42
7501 14
7502 99
7503 95
7503 40
7504 72
7506 88
7507 99
7507 41
7508 50
7509 84
7510 16
7511 2
7512 36
7513 37
7513 65
7514 53
7515 88
7516 85
7518 37
7518 41
7519 22
7520 26
7521 64
7522 63
7523 46
7523 91
7523 62
7524 6
7526 92
7528 6
7528 47
7529 78
7529 85
7530 86
7531 13
7534 15
7537 38
7539 55
7539 75
7540 26
7542 95
7547 60
7548 77
7549 42
7549 85
7549 87
7549 3
7550 65
7551 62
7552 42
7552 8
7556 76
7558 34
7558 77
7559 13
7561 39
7562 56
7562 76
7562 41
7562 21
7563 51
7567 92
7567 81
7567 29
7568 43
7569 84
7569 4
7570 8
7570 8
7573 33
7576 2
7578 66
7578 100
7578 75
7578 35
7579 2
7580 26
7584 51
7584 55
7585 91
7585 37
7586 96
7587 7
7587 50
7588 49
7589 2
7590 82
7593 15
7593 87
7594 44
7596 1
7596 25
7597 66
7597 3
7599 57
7601 76
7601 85
7604 70
7605 56
7606 18
7607 80
7607 87
7609 92
7610 72
7611 12
7612 91
7613 45
7614 6
7614 79
7615 85
7616 46
7617 56
7619 99
7619 47
7620 63
7620 24
7620 41
7621 55
7626 52
7626 53
7626 46
7627 77
7631 80
7631 79
7631 91
7632 10
7633 19
7634 55
7634 75
7635 64
7636 1
7637 54
7637 54
7638 75
7640 89
7640 85
7640 96
7640 31
7642 22
7644 23
7644 20
7646 49
7646 100
7647 31
7647 4
7648 86
7649 45
7649 58
7650 97
7650 88
7651 90
7651 44
7651 34
7652 19
7653 35
7655 75
7655 4
7656 82
7656 46
7657 82
7658 73
7659 53
7660 61
7660 26
7661 69
7663 65
7663 51
7663 50
7664 90
7664 70
7666 82
7670 6
7671 78
7671 99
7674 32
7674 48
7674 37
7676 91
7676 48
7678 68
7679 3
7679 55
7679 48
7680 76
7681 52
7681 66
7683 20
7683 2
7683 74
7683 67
7684 27
7684 18
7684 85
7685 68
7687 63
7687 4
7689 54
7691 94
7691 19
7692 34
7692 37
7692 60
7692 23
7692 70
7693 83
7696 33
7698 61
7702 6
7703 91
7703 81
7705 21
7705 66
7707 56
7707 29
7710 22
7710 70
7713 56
7713 75
7713 2
7713 45
7714 30
7715 33
7716 4
7719 85
7720 27
7721 55
7721 81
7722 4
7723 42
7725 98
7726 43
7727 65
7727 15
7727 50
7728 48
7729 19
7729 55
7730 86
7731 50
7732 38
7736 49
7736 66
7736 79
7739 67
7741 19
7741 56
7742 76
7744 59
7746 41
7746 44
7747 16
7748 3
7748 9
7753 41
7753 58
7757 36
7759 12
7761 8
7763 82
7766 64
7766 6
7766 51
7767 66
7767 95
7768 18
7769 4
7770 82
7770 19
7771 80
7772 65
7773 60
7773 48
7773 67
7775 79
7777 85
7779 1
7780 7
7781 6
7782 100
7782 72
7782 8
7784 41
7785 7
7788 36
7789 48
7789 77
7791 70
7791 69
7792 44
7793 43
7795 6
7796 24
7796 56
7797 8
7797 14
7797 95
7798 26
7799 16
7800 65
7802 78
7802 83
7802 21
7803 36
7803 57
7804 31
7807 75
7807 78
7809 24
7809 1
7812 100
7812 47
7814 84
7815 2
7815 80
7815 21
7816 10
7816 31
7817 41
7818 85
7818 63
7819 41
7820 3
7823 48
7824 98
7825 61
7825 22
7828 8
7828 94
7831 51
7832 66
7834 85
7840 65
7840 4
7841 86
7841 95
7842 56
7842 17
7844 73
7844 53
7845 23
7845 67
7848 2
7848 23
7848 11
7850 4
7850 66
7850 15
7852 72
7853 80
7853 47
7854 36
7854 11
7855 44
7855 2
7855 13
7858 97
7858 83
7858 66
7859 68
7860 16
7861 6
7861 73
7861 93
7862 47
7863 86
7865 59
7866 50
7866 50
7867 88
7869 32
7869 78
7870 61
7870 37
7870 31
7871 93
7873 38
7873 54
7876 93
7876 83
7877 58
7880 65
7881 52
7882 73
7883 44
7884 73
7887 64
7889 69
7890 97
7890 30
7891 57
7895 76
7896 69
7896 45
7896 17
7896 11
7896 40
7897 58
7898 58
7898 70
7899 77
7900 27
7901 62
7902 90
7902 52
7902 80
7903 85
7903 64
7906 96
7907 2
7908 96
7909 96
7910 59
7910 10
7910 77
7911 37
7913 4
7914 18
7914 11
7914 31
7915 67
7916 72
7916 90
7917 87
7917 56
7918 45
7921 43
7922 9
7922 81
7922 14
7923 60
7924 36
7925 1
7929 21
7929 50
7930 93
7930 48
7931 98
7931 43
7933 78
7935 91
7935 10
7938 93
7938 64
7939 27
7940 35
7940 55
7940 60
7941 33
7942 10
7942 83
7945 8
7945 94
7946 81
7946 72
7947 9
7948 13
7949 22
7949 68
7949 80
7950 4
7950 9
7950 95
7956 36
7959 30
7959 41
7962 25
7964 73
7964 38
7965 30
7965 65
7966 36
7966 87
7967 42
7968 35
7968 50
7969 97
7970 42
7970 39
7974 13
7975 72
7977 42
7978 22
7979 31
7981 43
7981 7
7982 93
7983 66
7985 83
7988 2
7988 75
7990 64
7991 12
7991 2
7991 99
7993 74
7994 91
7995 14
7997 28
7997 45
7999 16
8000 90
8000 49
8001 88
8001 10
8002 42
8003 40
8006 41
8008 14
8010 30
8011 38
8011 71
8012 95
8012 46
8014 83
8016 32
8016 61
8017 32
8017 6
8017 64
8018 50
8019 58
8021 86
8022 68
8022 20
8024 37
8026 41
8027 72
8027 60
8027 40
8027 41
8028 35
8028 11
8030 46
8031 57
8032 80
8034 37
8036 29
8036 64
8037 83
8038 78
8039 94
8040 54
8040 87
8041 83
8041 49
8042 12
8042 14
8042 4
8044 36
8047 33
8049 52
8052 52
8052 30
8053 80
8054 57
8057 11
8058 82
8060 88
8060 75
8061 65
8063 36
8064 8
8066 72
8066 60
8066 15
8068 67
8068 93
8069 16
8069 64
8069 70
8070 3
8070 65
8072 46
8072 27
8072 61
8072 72
8072 46
8073 76
8074 8
8075 79
8076 24
8076 65
8079 70
8080 32
8081 99
8082 20
8083 40
8084 75
8084 33
8084 80
8085 73
8086 53
8086 22
8086 27
8088 76
8089 95
8090 19
8090 95
8094 75
8094 65
8096 2
8097 27
8097 33
8098 29
8098 3
8102 84
8104 3
8106 83
8107 57
8107 97
8107 7
8107 72
8108 82
8109 24
8111 75
8112 14
8113 58
8114 88
8115 16
8115 26
8116 67
8118 27
8120 24
8120 24
8120 33
8120 27
8121 60
8121 40
8121 63
8122 29
8126 47
8128 12
8130 62
8130 72
8131 38
8131 32
8131 16
8132 35
8133 33
8133 59
8134 19
8135 41
8137 23
8138 82
8140 37
8141 26
8146 7
8147 91
8147 71
8148 38
8148 67
8148 72
8148 34
8149 11
8150 48
8150 51
8151 51
8151 89
8151 1
8152 48
8153 49
8154 36
8155 72
8155 62
8155 10
8161 54
8162 55
8162 70
8164 5
8164 66
8166 59
8166 21
8167 36
8167 74
8169 68
8169 79
8169 54
8170 35
8172 5
8172 75
8176 72
8178 15
8178 99
8178 65
8178 49
8179 44
8180 31
8180 3
8185 90
8185 98
8185 43
8187 88
8187 12
8187 78
8188 23
8188 27
8189 57
8190 93
8190 37
8190 57
8190 74
8191 77
8192 40
8195 8
8195 80
8197 54
8199 73
8199 54
8200 73
8200 18
8201 44
8201 6
8205 42
8206 9
8207 45
8207 70
8208 77
8210 24
8210 55
8215 62
8215 9
8216 64
8216 14
8216 52
8217 70
8217 29
8218 74
8219 85
8220 53
8220 61
8223 100
8227 96
8227 87
8228 44
8228 77
8228 74
8233 15
8233 32
8235 96
8236 93
8239 33
8239 22
8239 68
8240 25
8240 43
8240 77
8240 52
8241 84
8242 75
8244 78
8246 20
8247 43
8247 30
8251 1
8252 36
8252 90
8253 21
8254 74
8257 92
8257 69
8258 82
8258 88
8258 57
8258 25
8259 67
8260 6
8260 7
8261 23
8263 60
8263 93
8264 40
8264 16
8264 15
8266 52
8268 67
8268 44
8269 55
8270 89
8270 91
8273 77
8274 71
8277 65
8278 36
8278 91
8280 44
8281 34
8281 14
8285 54
8287 31
8287 68
8288 84
8289 85
8291 38
8292 74
8292 47
8294 33
8294 11
8295 87
8295 57
8295 96
8296 48
8299 39
8299 38
8302 75
8304 12
8304 74
8305 18
8306 71
8306 47
8307 85
8308 5
8309 46
8311 52
8311 4
8312 7
8313 24
8313 74
8313 64
8314 3
8314 7
8315 79
8316 53
8316 60
8317 43
8317 64
8317 85
8319 33
8319 86
8319 87
8324 66
8325 64
8325 36
8325 69
8326 41
8326 63
8327 40
8328 2
8329 17
8329 12
8329 90
8330 67
8330 29
8330 89
8331 60
8332 2
8332 88
8334 86
8335 62
8336 73
8337 50
8338 8
8339 59
8339 54
8339 38
8342 67
8342 4
8343 36
8345 81
8345 91
8345 18
8345 12
8347 2
8347 71
8348 5
8349 38
8349 82
8350 57
8350 98
8350 15
8352 59
8353 48
8354 70
8355 46
8357 1
8358 85
8359 21
8361 58
8362 99
8363 18
8363 33
8366 7
8367 91
8367 71
8370 5
8371 55
8372 26
8374 24
8375 77
8376 67
8377 33
8377 94
8378 96
8378 24
8379 31
8381 100
8383 32
8385 3
8387 81
8389 70
8390 47
8393 47
8394 35
8395 51
8395 65
8395 19
8401 94
8401 11
8408 71
8408 28
8409 39
8409 42
8409 87
8410 7
8412 13
8413 25
8413 87
8414 87
8414 19
8414 61
8414 14
8416 29
8419 54
8420 5
8421 21
8422 5
8422 95
8424 40
8424 21
8425 52
8427 47
8428 79
8428 54
8429 62
8429 90
8429 66
8429 53
8430 45
8431 35
8432 97
8436 86
8436 7
8437 97
8439 43
8439 65
8440 61
8441 53
8441 37
8441 35
8442 6
8443 71
8444 72
8445 93
8445 48
8446 73
8447 12
8447 15
8448 72
8449 51
8450 33
8451 43
8451 98
8453 55
8454 73
8454 47
8456 61
8456 48
8456 90
8456 16
8457 75
8458 54
8459 26
8460 50
8461 47
8463 97
8465 70
8465 63
8466 16
8466 21
8468 83
8468 78
8468 69
8470 6
8471 56
8473 5
8473 28
8475 15
8477 39
8477 47
8478 39
8483 58
8485 41
8486 7
8486 53
8487 85
8487 37
8489 13
8489 4
8490 7
8490 53
8490 60
8490 11
8491 61
8491 35
8492 1
8493 69
8494 97
8496 87
8496 37
8497 96
8497 90
8499 30
8499 48
8499 11
8500 92
8501 79
8502 61
8502 49
8505 82
8506 31
8506 93
8506 75
8508 44
8508 58
8508 90
8512 96
8513 3
8513 69
8515 23
8516 37
8516 95
8516 27
8517 23
8518 18
8519 29
8520 78
8521 22
8521 62
8523 45
8523 20
8523 45
8524 89
8525 31
8526 72
8526 79
8529 61
8529 95
8531 50
8532 27
8532 81
8533 98
8533 71
8533 29
8536 25
8537 63
8537 80
8540 51
8541 41
8541 55
8541 61
8542 90
8542 94
8543 48
8543 73
8545 70
8545 59
8547 99
8547 62
8547 51
8550 15
8551 93
8551 80
8551 43
8553 90
8553 34
8553 40
8555 31
8556 17
8556 85
8557 18
8558 49
8558 40
8559 27
8560 57
8562 62
8562 37
8564 86
8564 91
8565 87
8570 72
8571 63
8571 45
8572 13
8572 75
8572 45
8572 87
8572 50
8573 32
8573 51
8573 37
8573 41
8574 100
8575 45
8576 19
8576 6
8577 21
8580 55
8580 57
8581 60
8581 59
8583 8
8584 81
8585 50
8587 52
8587 28
8587 20
8587 20
8589 81
8593 57
8593 79
8596 36
8597 86
8597 28
8598 90
8598 47
8598 56
8599 91
8603 51
8603 57
8603 27
8608 15
8609 5
8611 26
8611 4
8612 9
8612 2
8616 29
8616 34
8618 68
8620 27
8621 85
8624 41
8624 62
8626 70
8626 47
8626 66
8627 15
8627 71
8628 31
8628 93
8629 31
8630 85
8631 69
8633 100
8633 36
8633 33
8633 40
8633 96
8634 12
8634 34
8635 45
8636 91
8637 41
8641 35
8641 88
8641 77
8641 47
8642 21
8643 38
8644 22
8645 3
8645 62
8647 49
8648 81
8649 10
8650 78
8650 68
8652 85
8654 8
8655 49
8657 1
8657 86
8658 79
8658 54
8659 41
8662 19
8663 76
8663 51
8664 100
8666 41
8667 34
8668 24
8668 68
8670 8
8675 39
8675 15
8675 68
8676 39
8679 36
8680 38
8680 50
8682 9
8682 74
8683 22
8683 74
8685 2
8686 40
8686 15
8689 69
8692 57
8695 30
8695 30
8695 8
8695 93
8696 22
8699 93
8700 52
8700 99
8700 5
8702 88
8703 15
8704 67
8704 85
8705 21
8705 55
8706 71
8706 89
8707 25
8708 77
8710 60
8711 32
8711 14
8712 97
8712 12
8713 98
8713 38
8716 22
8716 74
8716 79
8716 92
8719 15
8725 39
8725 25
8727 90
8729 28
8729 24
8730 16
8731 78
8734 27
8734 52
8734 91
8735 14
8735 71
8737 25
8738 80
8742 33
8742 19
8745 2
8745 2
8745 84
8746 44
8746 68
8747 76
8747 37
8749 18
8749 23
8750 84
8750 24
8750 72
8751 47
8751 92
8753 6
8754 75
8754 82
8755 73
8756 96
8756 40
8757 27
8760 90
8762 32
8763 28
8763 14
8763 15
8763 54
8764 88
8764 16
8765 40
8766 69
8766 6
8767 23
8767 86
8768 93
8768 72
8769 19
8770 48
8770 19
8771 88
8772 99
8774 96
8774 49
8774 13
8777 7
8777 30
8778 5
8779 50
8781 1
8782 5
8784 55
8784 46
8784 10
8785 69
8786 61
8787 45
8788 22
8788 31
8788 87
8788 78
8789 33
8790 37
8790 78
8793 70
8794 49
8795 75
8796 12
8797 29
8797 87
8798 19
8801 60
8801 53
8802 92
8802 36
8803 96
8803 78
8804 30
8805 94
8806 32
8806 75
8806 64
8809 47
8811 9
8811 42
8812 33
8812 61
8813 97
8813 28
8813 56
8815 92
8818 24
8818 85
8822 25
8822 24
8822 19
8822 77
8822 44
8823 7
8825 48
8825 91
8825 26
8825 19
8826 38
8826 80
8826 50
8832 75
8833 38
8838 4
8841 2
8841 92
8843 85
8845 41
8845 12
8846 67
8846 29
8847 4
8847 84
8847 12
8847 22
8848 19
8850 34
8850 33
8853 49
8854 6
8855 21
8856 72
8856 85
8858 85
8858 18
8859 60
8860 7
8861 36
8861 72
8861 42
8861 90
8862 40
8862 39
8866 35
8868 39
8869 91
8869 45
8872 93
8873 72
8874 68
8874 77
8875 37
8877 50
8877 76
8877 90
8878 46
8878 36
8879 41
8880 61
8884 69
8884 50
8885 13
8886 60
8889 40
8889 31
8889 72
8889 8
8890 46
8890 26
8892 32
8892 98
8892 70
8892 15
8892 84
8893 46
8895 45
8895 71
8899 41
8901 99
8905 2
8908 29
8908 27
8908 55
8911 14
8911 16
8911 98
8911 72
8912 53
8912 16
8913 27
8913 71
8914 88
8915 35
8915 46
8919 73
8919 38
8919 83
8920 8
8921 14
8921 89
8922 63
8923 85
8923 56
8924 69
8924 99
8925 78
8926 29
8927 44
8927 6
8931 59
8932 92
8932 93
8937 89
8939 49
8939 89
8945 15
8945 9
8946 55
8947 58
8947 85
8948 95
8948 73
8949 62
8949 96
8949 42
8951 83
8951 49
8951 48
8951 41
8954 75
8954 26
8955 16
8955 85
8956 57
8956 81
8957 84
8957 24
8958 52
8958 44
8962 92
8966 54
8968 97
8968 88
8968 44
8971 59
8971 8
8973 46
8974 38
8974 23
8976 46
8976 43
8979 98
8979 1
8983 71
8984 58
8986 35
8987 73
8987 13
8987 87
8990 74
8993 31
8994 53
8995 33
8995 49
8996 6
8996 94
8997 24
9001 78
9003 42
9004 50
9005 93
9006 30
9006 4
9006 32
9007 88
9007 34
9007 62
9007 32
9007 93
9009 8
9009 33
9009 84
9009 25
9010 29
9014 27
9015 38
9015 76
9018 51
9018 7
9019 69
9019 77
9020 96
9021 21
9022 56
9023 11
9025 7
9026 82
9026 56
9026 98
9029 55
9029 48
9030 70
9030 90
9032 19
9034 59
9036 38
9036 50
9037 57
9037 7
9038 81
9039 18
9041 9
9045 57
9046 30
9046 31
9048 55
9049 52
9051 81
9051 16
9052 90
9052 28
9052 84
9055 61
9056 93
9057 58
9057 81
9058 11
9059 81
9060 77
9062 98
9064 72
9066 3
9068 1
9069 91
9071 76
9071 48
9074 41
9074 81
9074 11
9074 38
9077 12
9077 59
9079 77
9081 14
9081 17
9083 27
9087 90
9088 56
9088 94
9089 48
9090 16
9091 33
9091 23
9091 9
9095 29
9097 69
9097 39
9097 83
9097 84
9098 41
9098 76
9101 72
9102 98
9103 25
9105 96
9105 59
9106 93
9106 22
9107 78
9107 76
9109 75
9110 18
9111 20
9113 46
9113 26
9114 75
9116 62
9118 56
9118 5
9120 99
9121 10
9122 22
9122 57
9123 7
9123 64
9124 4
9125 70
9126 6
9126 48
9129 28
9130 96
9133 6
9135 47
9136 48
9136 92
9137 82
9137 64
9137 27
9137 13
9138 61
9138 50
9139 33
9140 19
9142 93
9143 58
9144 46
9145 6
9145 47
9146 94
9146 75
9147 82
9147 82
9148 97
9148 92
9149 97
9150 44
9150 70
9150 3
9151 48
9151 55
9153 11
9153 68
9153 18
9154 99
9156 96
9157 38
9157 12
9157 93
9157 64
9157 10
9159 29
9160 80
9161 24
9162 91
9164 11
9164 83
9165 55
9166 35
9166 29
9167 12
9167 77
9167 82
9168 96
9168 83
9171 89
9171 79
9172 12
9173 12
9173 47
9175 19
9176 12
9176 16
9179 81
9179 15
9180 67
9180 75
9180 6
9180 47
9180 31
9181 76
9181 25
9183 46
9184 53
9184 63
9184 80
9184 38
9185 6
9187 20
9187 67
9187 44
9188 96
9189 75
9189 84
9190 17
9190 68
9191 15
9192 58
9193 14
9193 25
9194 75
9195 5
9195 38
9197 29
9202 8
9202 52
9205 57
9206 61
9206 80
9206 30
9207 18
9208 23
9209 52
9209 3
9213 1
9213 96
9214 5
9216 78
9218 31
9221 98
9221 71
9222 72
9222 13
9222 58
9222 94
9223 79
9223 54
9224 24
9224 73
9224 89
9227 79
9228 66
9229 12
9231 81
9232 41
9233 100
9234 96
9235 30
9236 1
9237 29
9238 3
9238 1
9238 1
9238 44
9240 35
9240 88
9241 19
9241 54
9244 8
9245 67
9245 84
9245 80
9246 84
9246 53
9246 80
9247 5
9249 35
9251 91
9252 89
9254 7
9257 57
9258 82
9259 18
9259 83
9260 38
9260 23
9263 52
9263 34
9264 94
9265 90
9265 41
9266 25
9267 57
9270 72
9270 20
9271 15
9273 94
9274 51
9276 10
9278 31
9279 32
9279 64
9279 42
9280 7
9280 37
9282 61
9282 17
9282 39
9282 49
9283 81
9284 66
9285 97
9287 78
9288 6
9288 78
9288 7
9289 67
9289 96
9290 91
9290 1
9291 39
9292 91
9293 9
9294 90
9294 90
9295 2
9295 99
9297 47
9299 36
9299 62
9299 65
9300 75
9301 66
9301 62
9302 55
9302 80
9302 81
9303 1
9303 41
9303 78
9304 100
9305 19
9305 69
9308 70
9308 47
9308 97
9309 75
9310 31
9310 87
9311 21
9311 15
9315 14
9316 10
9318 83
9318 36
9318 31
9320 51
9320 4
9321 16
9323 50
9326 34
9329 13
9330 58
9334 68
9337 48
9337 88
9338 60
9340 15
9341 97
9342 64
9342 93
9342 62
9344 82
9344 79
9345 91
9348 78
9348 29
9348 59
9348 68
9349 12
9353 34
9353 78
9353 67
9354 22
9354 38
9355 72
9356 64
9357 73
9358 34
9360 28
9361 96
9362 96
9362 91
9362 37
9364 77
9365 8
9365 6
9367 24
9368 45
9368 67
9369 6
9369 71
9370 24
9372 41
9377 97
9378 37
9380 9
9380 30
9380 65
9381 35
9381 63
9381 68
9382 90
9383 69
9384 92
9384 6
9387 93
9388 33
9389 12
9389 29
9390 39
9390 89
9391 32
9394 12
9396 80
9397 5
9398 60
9398 66
9399 71
9399 41
9401 29
9402 83
9402 71
9403 1
9403 7
9404 94
9405 74
9405 69
9407 93
9407 87
9408 61
9408 45
9414 31
9414 27
9415 49
9415 67
9415 56
9419 66
9420 58
9420 65
9421 72
9422 50
9423 44
9425 76
9426 25
9430 68
9431 96
9431 73
9433 39
9434 23
9434 35
9435 70
9435 50
9435 29
9436 99
9437 59
9438 65
9438 82
9439 77
9439 39
9444 84
9445 100
9446 89
9448 39
9449 58
9452 65
9455 70
9455 94
9456 12
9458 62
9458 8
9459 83
9462 54
9462 14
9463 81
9463 30
9463 27
9464 75
9467 49
9468 4
9468 88
9468 43
9468 76
9469 45
9470 19
9471 56
9474 96
9474 67
9474 49
9474 29
9475 13
9475 78
9477 38
9479 60
9479 24
9479 87
9482 45
9482 100
9483 76
9483 11
9485 68
9486 3
9486 68
9487 62
9487 37
9487 53
9488 91
9488 77
9489 67
9489 68
9489 57
9489 71
9492 67
9494 29
9499 77
9499 43
9503 95
9503 54
9507 51
9508 68
9509 73
9510 43
9511 33
9512 43
9513 74
9513 77
9515 20
9519 80
9521 77
9521 49
9521 35
9523 82
9523 86
9523 81
9523 16
9523 76
9525 50
9525 15
9526 50
9526 4
9528 50
9529 23
9529 39
9529 58
9530 30
9532 30
9533 99
9535 67
9535 5
9537 26
9538 21
9542 70
9542 2
9542 40
9543 71
9544 34
9545 27
9547 71
9549 73
9549 69
9550 7
9552 78
9552 82
9553 17
9554 82
9556 26
9556 13
9557 5
9557 8
9557 53
9561 82
9561 68
9563 98
9564 7
9564 4
9564 11
9565 77
9566 9
9566 38
9569 100
9569 38
9570 86
9570 56
9571 22
9571 81
9571 48
9574 59
9577 1
9577 53
9579 66
9580 10
9581 85
9581 21
9583 23
9585 86
9586 64
9586 22
9586 74
9586 40
9586 74
9587 39
9588 26
9588 49
9589 85
9590 78
9591 46
9592 13
9593 17
9593 8
9593 35
9593 61
9594 89
9595 80
9596 42
9596 20
9597 61
9598 47
9606 33
9607 52
9607 42
9607 89
9609 8
9609 63
9610 62
9611 1
9612 76
9613 63
9613 43
9614 40
9615 39
9615 17
9616 18
9617 27
9617 100
9617 18
9618 30
9619 37
9619 37
9621 30
9621 47
9621 46
9623 88
9625 74
9627 28
9629 34
9630 97
9630 4
9631 13
9632 23
9634 100
9634 93
9634 36
9635 58
9637 100
9637 61
9638 69
9639 92
9639 61
9639 63
9640 72
9641 64
9642 19
9643 1
9645 51
9646 60
9647 2
9648 53
9649 29
9650 72
9651 43
9651 65
9655 9
9656 32
9657 57
9657 35
9659 58
9659 21
9660 85
9660 54
9662 73
9664 97
9668 90
9670 16
9671 27
9672 21
9672 96
9673 93
9674 27
9674 92
9674 80
9675 32
9676 79
9677 26
9678 33
9678 71
9679 10
9679 78
9679 35
9679 40
9680 72
9680 22
9680 4
9680 5
9682 38
9684 37
9685 32
9686 11
9687 13
9687 99
9687 91
9688 90
9688 10
9691 65
9692 23
9692 57
9695 78
9695 16
9696 65
9696 88
9697 8
9697 85
9697 45
9698 40
9698 25
9698 68
9700 55
9700 10
9701 95
9703 64
9703 44
9703 63
9704 40
9704 32
9704 88
9705 32
9706 35
9708 65
9708 62
9710 74
9710 13
9710 19
9711 67
9711 48
9712 11
9715 4
9715 92
9716 6
9716 39
9717 78
9718 22
9718 99
9719 58
9720 58
9720 26
9720 63
9721 59
9722 75
9722 13
9726 38
9727 50
9727 85
9728 58
9728 18
9729 34
9731 57
9731 8
9731 39
9732 23
9732 78
9736 71
9737 100
9737 38
9738 33
9738 94
9738 5
9739 86
9740 13
9742 80
9744 4
9746 61
9747 22
9747 59
9748 97
9750 51
9750 43
9752 12
9752 2
9753 20
9755 15
9757 57
9757 47
9758 45
9760 93
9761 6
9764 2
9765 90
9765 83
9767 83
9767 83
9767 19
9769 85
9769 22
9772 96
9772 13
9772 95
9773 20
9774 86
9774 40
9775 45
9775 66
9775 66
9775 28
9776 2
9776 13
9777 28
9778 67
9778 27
9779 14
9779 46
9779 27
9784 1
9784 94
9785 100
9786 36
9789 6
9790 26
9790 63
9792 34
9794 74
9794 38
9795 70
9795 56
9795 34
9795 23
9796 71
9797 52
9797 76
9802 20
9806 52
9806 8
9806 55
9807 49
9808 72
9808 82
9809 80
9811 32
9813 62
9815 87
9815 25
9817 80
9817 28
9819 3
9820 55
9821 60
9826 27
9827 63
9828 90
9829 20
9831 44
9831 10
9832 93
9833 32
9835 78
9835 68
9835 6
9835 48
9837 68
9838 10
9840 66
9840 80
9840 93
9841 57
9841 27
9843 75
9844 14
9844 45
9845 89
9846 90
9846 91
9848 53
9849 66
9851 5
9853 63
9854 56
9856 34
9856 59
9856 3
9856 46
9857 63
9859 83
9859 36
9861 37
9861 29
9862 77
9863 52
9863 20
9864 34
9865 27
9865 18
9866 27
9868 1
9869 48
9872 84
9872 93
9872 2
9872 38
9873 99
9874 35
9874 69
9875 13
9875 29
9875 30
9877 91
9877 39
9877 41
9877 82
9878 56
9880 10
9880 65
9881 66
9882 24
9883 86
9883 95
9885 4
9885 32
9885 76
9886 39
9888 100
9888 66
9889 86
9892 66
9895 98
9895 92
9896 42
9897 91
9898 57
9905 88
9909 47
9913 21
9915 88
9917 71
9917 59
9917 68
9918 54
9919 64
9919 71
9920 33
9920 75
9920 47
9922 56
9922 36
9923 63
9923 93
9924 59
9926 39
9926 33
9927 26
9931 22
9931 93
9932 86
9936 61
9937 93
9938 64
9940 52
9940 40
9940 31
9941 87
9941 41
9942 74
9943 82
9943 94
9944 26
9945 56
9947 74
9947 61
9948 80
9949 48
9949 84
9950 23
9951 29
9951 91
9951 39
9955 68
9956 52
9957 57
9957 65
9960 37
9960 6
9961 8
9961 60
9961 23
9962 52
9964 85
9965 57
9966 82
9967 38
9967 54
9968 24
9968 92
9970 11
9971 92
9972 60
9974 17
9974 4
9974 40
9976 83
9977 67
9979 87
9979 7
9979 89
9981 35
9981 56
9985 8
9987 80
9988 73
9988 36
9991 10
9992 24
9993 90
9993 98
9997 45
9997 53
9998 78
9999 21
9999 64
